close,high,low,open,time,volume,date
26.504,26.988,26.4,26.598,1603166400,7949000.0,2020-10-20 04:00:00
25.996,26.52,25.89,26.462,1603252800,6566500.0,2020-10-21 04:00:00
25.632,26.13,25.354,26.066,1603339200,3509500.0,2020-10-22 04:00:00
26.076,26.082,25.524,25.602,1603425600,4755500.0,2020-10-23 04:00:00
24.636,26.144,24.436,25.832,1603684800,7145500.0,2020-10-26 04:00:00
24.846,25.12,24.698,24.956,1603771200,6607000.0,2020-10-27 04:00:00
23.79,24.632,23.766,24.608,1603857600,7046500.0,2020-10-28 04:00:00
23.6,24.188,23.6,23.954,1603944000,7171500.0,2020-10-29 04:00:00
22.074,23.616,21.35,23.616,1604030400,21500500.0,2020-10-30 04:00:00
22.118,22.288,21.976,22.196,1604293200,7638000.0,2020-11-02 05:00:00
22.482,22.772,21.854,22.088,1604379600,6807500.0,2020-11-03 05:00:00
23.248,23.574,22.698,22.94,1604466000,6221000.0,2020-11-04 05:00:00
23.902,23.978,23.56,23.6,1604552400,5230000.0,2020-11-05 05:00:00
23.442,23.906,23.376,23.906,1604638800,5631000.0,2020-11-06 05:00:00
23.422,24.592,23.318,23.572,1604898000,8039000.0,2020-11-09 05:00:00
22.26,23.272,21.986,23.19,1604984400,8156500.0,2020-11-10 05:00:00
22.918,23.06,22.474,22.676,1605070800,4570000.0,2020-11-11 05:00:00
22.72,23.334,22.47,23.098,1605157200,4701500.0,2020-11-12 05:00:00
23.184,23.23,22.79,23.008,1605243600,4454000.0,2020-11-13 05:00:00
23.344,23.464,23.064,23.16,1605502800,4475500.0,2020-11-16 05:00:00
23.684,23.932,23.372,23.48,1605589200,4635000.0,2020-11-17 05:00:00
23.336,24.104,23.312,24.024,1605675600,5245500.0,2020-11-18 05:00:00
23.406,23.572,23.034,23.246,1605762000,4193000.0,2020-11-19 05:00:00
23.624,23.912,23.214,23.294,1605848400,5416000.0,2020-11-20 05:00:00
23.416,23.8,23.18,23.7,1606107600,4932000.0,2020-11-23 05:00:00
23.718,23.78,23.142,23.562,1606194000,7229000.0,2020-11-24 05:00:00
23.972,24.288,23.8,23.872,1606280400,4804500.0,2020-11-25 05:00:00
24.758,24.822,24.148,24.214,1606453200,3675000.0,2020-11-27 05:00:00
24.646,24.82,24.028,24.73,1606712400,8603000.0,2020-11-30 05:00:00
24.528,24.862,24.074,24.862,1606798800,4694000.0,2020-12-01 05:00:00
24.576,24.648,24.136,24.43,1606885200,3399000.0,2020-12-02 05:00:00
25.218,25.502,24.6,24.728,1606971600,6235500.0,2020-12-03 05:00:00
25.56,25.712,25.188,25.37,1607058000,3082500.0,2020-12-04 05:00:00
25.616,25.876,25.52,25.722,1607317200,3370500.0,2020-12-07 05:00:00
26.332,26.37,25.366,25.366,1607403600,5277500.0,2020-12-08 05:00:00
25.068,26.164,24.896,26.006,1607490000,6565000.0,2020-12-09 05:00:00
25.512,25.602,24.832,24.976,1607576400,5188000.0,2020-12-10 05:00:00
25.672,25.706,25.224,25.46,1607662800,5363000.0,2020-12-11 05:00:00
26.138,26.442,25.566,25.636,1607922000,5782500.0,2020-12-14 05:00:00
26.364,26.398,25.884,26.378,1608008400,5198500.0,2020-12-15 05:00:00
26.666,26.978,26.25,26.402,1608094800,4483000.0,2020-12-16 05:00:00
27.284,27.296,26.792,26.858,1608181200,5362500.0,2020-12-17 05:00:00
29.17,29.29,27.284,27.314,1608267600,15225000.0,2020-12-18 05:00:00
29.192,29.472,28.236,28.678,1608526800,6782000.0,2020-12-21 05:00:00
30.43,30.666,29.082,29.15,1608613200,7536000.0,2020-12-22 05:00:00
30.048,30.63,29.994,30.512,1608699600,5029000.0,2020-12-23 05:00:00
29.958,30.3,29.708,29.994,1608786000,2128000.0,2020-12-24 05:00:00
29.858,30.298,29.682,30.132,1609131600,3542500.0,2020-12-28 05:00:00
29.506,30.168,29.298,30.0,1609218000,3430500.0,2020-12-29 05:00:00
29.604,29.95,29.532,29.744,1609304400,3064500.0,2020-12-30 05:00:00
29.706,29.8,29.45,29.728,1609390800,2425500.0,2020-12-31 05:00:00
29.112,29.932,28.572,29.914,1609736400,5391000.0,2021-01-04 05:00:00
28.348,28.536,27.966,28.312,1609822800,6130000.0,2021-01-05 05:00:00
27.622,28.122,27.462,27.464,1609909200,6531000.0,2021-01-06 05:00:00
28.65,28.724,27.822,27.826,1609995600,6856000.0,2021-01-07 05:00:00
29.628,29.698,28.818,28.902,1610082000,6301000.0,2021-01-08 05:00:00
29.634,30.108,28.87,29.384,1610341200,6874500.0,2021-01-11 05:00:00
30.582,31.062,29.868,30.132,1610427600,8461500.0,2021-01-12 05:00:00
29.58,30.738,29.408,30.73,1610514000,6425000.0,2021-01-13 05:00:00
29.506,30.194,29.214,29.824,1610600400,4193500.0,2021-01-14 05:00:00
29.306,29.828,29.166,29.5,1610686800,4314000.0,2021-01-15 05:00:00
29.642,29.86,29.292,29.492,1611032400,4119500.0,2021-01-19 05:00:00
30.058,30.426,29.828,30.0,1611118800,3346000.0,2021-01-20 05:00:00
29.952,30.322,29.814,30.272,1611205200,2597500.0,2021-01-21 05:00:00
30.246,30.598,30.112,30.598,1611291600,4033000.0,2021-01-22 05:00:00
30.364,30.902,29.736,30.506,1611550800,3263500.0,2021-01-25 05:00:00
29.93,30.73,29.904,30.438,1611637200,3397000.0,2021-01-26 05:00:00
29.164,29.894,28.726,29.6,1611723600,5509500.0,2021-01-27 05:00:00
29.706,29.968,29.29,29.402,1611810000,2935000.0,2021-01-28 05:00:00
28.95,29.696,28.842,29.426,1611896400,6455000.0,2021-01-29 05:00:00
29.678,29.742,29.106,29.276,1612155600,3457000.0,2021-02-01 05:00:00
30.762,30.808,29.872,29.892,1612242000,4579500.0,2021-02-02 05:00:00
30.184,30.91,29.88,30.822,1612328400,5534000.0,2021-02-03 05:00:00
31.398,31.414,30.266,30.274,1612414800,9949500.0,2021-02-04 05:00:00
31.096,31.666,30.4,31.484,1612501200,9607000.0,2021-02-05 05:00:00
31.886,32.186,31.3,31.442,1612760400,6622500.0,2021-02-08 05:00:00
31.992,32.1,31.526,31.908,1612846800,5432000.0,2021-02-09 05:00:00
32.264,32.696,32.0,32.0,1612933200,5681500.0,2021-02-10 05:00:00
32.602,32.634,31.974,32.512,1613019600,3861500.0,2021-02-11 05:00:00
32.946,32.974,32.26,32.402,1613106000,3905000.0,2021-02-12 05:00:00
32.978,33.2,32.692,33.082,1613451600,4911500.0,2021-02-16 05:00:00
33.246,33.298,32.308,32.836,1613538000,5200000.0,2021-02-17 05:00:00
33.538,33.63,32.654,32.822,1613624400,5301000.0,2021-02-18 05:00:00
34.386,34.482,33.694,33.926,1613710800,6758000.0,2021-02-19 05:00:00
34.07,34.122,33.548,33.736,1613970000,8878000.0,2021-02-22 05:00:00
33.754,33.854,32.626,33.03,1614056400,11826500.0,2021-02-23 05:00:00
33.97,34.038,33.238,33.694,1614142800,6325000.0,2021-02-24 05:00:00
33.6,34.116,33.174,33.764,1614229200,11302000.0,2021-02-25 05:00:00
33.77,34.116,33.042,33.638,1614315600,8003000.0,2021-02-26 05:00:00
34.652,34.742,34.038,34.302,1614574800,4593000.0,2021-03-01 05:00:00
34.67,34.958,34.2,34.808,1614661200,7032500.0,2021-03-02 05:00:00
33.976,34.718,33.654,34.704,1614747600,10943500.0,2021-03-03 05:00:00
32.786,33.746,32.328,33.566,1614834000,16046000.0,2021-03-04 05:00:00
33.514,33.644,32.226,33.14,1614920400,7239500.0,2021-03-05 05:00:00
33.242,34.16,33.216,33.594,1615179600,5961500.0,2021-03-08 05:00:00
35.154,35.244,34.046,34.142,1615266000,7247500.0,2021-03-09 05:00:00
36.092,36.25,35.278,35.908,1615352400,10147500.0,2021-03-10 05:00:00
37.506,37.522,36.442,36.72,1615438800,8290000.0,2021-03-11 05:00:00
37.67,37.784,36.664,36.866,1615525200,5900000.0,2021-03-12 05:00:00
38.406,38.45,37.582,37.776,1615780800,5467000.0,2021-03-15 04:00:00
37.904,38.768,37.418,38.62,1615867200,9699500.0,2021-03-16 04:00:00
36.532,37.94,36.238,37.284,1615953600,8151000.0,2021-03-17 04:00:00
34.612,36.04,34.61,36.04,1616040000,8142500.0,2021-03-18 04:00:00
34.898,35.262,34.194,34.632,1616126400,9314000.0,2021-03-19 04:00:00
35.824,35.916,34.95,35.368,1616385600,6915000.0,2021-03-22 04:00:00
35.214,35.828,34.868,35.656,1616472000,5284500.0,2021-03-23 04:00:00
34.26,35.494,34.096,35.21,1616558400,4384500.0,2021-03-24 04:00:00
34.246,34.36,33.416,33.808,1616644800,5007500.0,2021-03-25 04:00:00
36.554,36.624,34.076,34.306,1616731200,9232500.0,2021-03-26 04:00:00
36.734,37.412,36.238,36.322,1616990400,8117000.0,2021-03-29 04:00:00
36.266,36.772,35.9,36.35,1617076800,5472500.0,2021-03-30 04:00:00
36.884,37.328,36.474,36.68,1617163200,5023000.0,2021-03-31 04:00:00
37.278,38.044,37.094,37.354,1617249600,4659500.0,2021-04-01 04:00:00
38.254,38.36,37.238,37.254,1617595200,4967000.0,2021-04-05 04:00:00
38.936,39.102,37.502,37.902,1617681600,6241500.0,2021-04-06 04:00:00
38.566,38.996,38.446,38.746,1617768000,5352500.0,2021-04-07 04:00:00
39.316,39.578,38.776,38.97,1617854400,3825500.0,2021-04-08 04:00:00
39.524,39.54,38.902,39.29,1617940800,2917000.0,2021-04-09 04:00:00
39.418,39.666,39.084,39.41,1618200000,4068500.0,2021-04-12 04:00:00
40.008,40.108,39.44,39.816,1618286400,4163000.0,2021-04-13 04:00:00
39.864,40.764,39.746,39.928,1618372800,4196500.0,2021-04-14 04:00:00
41.108,41.23,40.296,40.406,1618459200,5682000.0,2021-04-15 04:00:00
41.202,41.878,40.984,41.44,1618545600,6665500.0,2021-04-16 04:00:00
41.228,41.518,40.558,41.028,1618804800,3888000.0,2021-04-19 04:00:00
40.56,41.342,40.232,41.3,1618891200,2949000.0,2021-04-20 04:00:00
40.384,40.822,40.152,40.552,1618977600,3696000.0,2021-04-21 04:00:00
40.232,40.726,39.814,39.888,1619064000,5648000.0,2021-04-22 04:00:00
40.352,40.67,39.938,40.5,1619150400,3746500.0,2021-04-23 04:00:00
40.78,41.016,40.452,40.948,1619409600,6688500.0,2021-04-26 04:00:00
40.25,40.776,39.96,40.566,1619496000,5493000.0,2021-04-27 04:00:00
39.602,40.73,39.56,40.704,1619582400,4651500.0,2021-04-28 04:00:00
39.094,39.896,38.556,39.876,1619668800,5871500.0,2021-04-29 04:00:00
40.846,41.088,38.902,39.632,1619755200,13721500.0,2021-04-30 04:00:00
40.636,41.164,39.856,41.062,1620014400,6163500.0,2021-05-03 04:00:00
41.356,41.548,40.474,40.628,1620100800,8022500.0,2021-05-04 04:00:00
41.876,42.35,41.454,41.528,1620187200,6135000.0,2021-05-05 04:00:00
41.302,41.82,40.646,41.726,1620273600,5826500.0,2021-05-06 04:00:00
42.354,42.534,41.658,41.8,1620360000,4040500.0,2021-05-07 04:00:00
40.858,42.256,40.848,42.2,1620619200,4217500.0,2021-05-10 04:00:00
41.302,41.412,39.782,39.99,1620705600,4089000.0,2021-05-11 04:00:00
39.406,40.808,39.192,40.692,1620792000,5706500.0,2021-05-12 04:00:00
39.678,40.252,39.634,40.0,1620878400,7267500.0,2021-05-13 04:00:00
41.172,41.278,39.802,39.94,1620964800,6061000.0,2021-05-14 04:00:00
40.868,41.3,40.302,40.736,1621224000,4222000.0,2021-05-17 04:00:00
40.85,41.596,40.784,40.848,1621310400,4658000.0,2021-05-18 04:00:00
41.52,41.56,40.054,40.208,1621396800,4393000.0,2021-05-19 04:00:00
42.464,42.638,41.658,41.658,1621483200,4341500.0,2021-05-20 04:00:00
42.166,43.034,42.024,42.642,1621569600,4089500.0,2021-05-21 04:00:00
42.614,42.962,42.306,42.306,1621828800,4247000.0,2021-05-24 04:00:00
42.914,43.282,42.74,42.834,1621915200,3583500.0,2021-05-25 04:00:00
43.142,43.736,42.826,43.158,1622001600,4490500.0,2021-05-26 04:00:00
43.268,43.656,42.622,43.134,1622088000,7908000.0,2021-05-27 04:00:00
43.708,44.2,43.232,43.308,1622174400,4149500.0,2021-05-28 04:00:00
42.998,44.076,42.726,44.024,1622520000,3630000.0,2021-06-01 04:00:00
43.274,43.33,42.776,42.978,1622606400,3329000.0,2021-06-02 04:00:00
43.076,43.47,42.334,43.0,1622692800,2832000.0,2021-06-03 04:00:00
44.352,44.47,43.48,43.48,1622779200,3142500.0,2021-06-04 04:00:00
44.708,44.762,44.012,44.432,1623038400,2838000.0,2021-06-07 04:00:00
45.472,45.556,44.746,44.76,1623124800,4280000.0,2021-06-08 04:00:00
45.104,45.698,44.806,45.586,1623211200,2932500.0,2021-06-09 04:00:00
45.79,45.904,44.88,45.068,1623297600,3870500.0,2021-06-10 04:00:00
45.788,45.878,45.444,45.602,1623384000,3273000.0,2021-06-11 04:00:00
46.292,46.3,45.602,45.818,1623643200,3283500.0,2021-06-14 04:00:00
46.012,46.342,45.8,46.21,1623729600,3165500.0,2021-06-15 04:00:00
46.054,46.516,45.422,46.056,1623816000,3501000.0,2021-06-16 04:00:00
47.396,47.534,45.82,45.916,1623902400,5871500.0,2021-06-17 04:00:00
46.732,47.796,46.69,47.4,1623988800,9358500.0,2021-06-18 04:00:00
47.584,47.994,46.736,47.152,1624248000,4077500.0,2021-06-21 04:00:00
48.38,48.412,47.596,47.6,1624334400,4143000.0,2021-06-22 04:00:00
48.012,48.584,47.672,48.464,1624420800,3905000.0,2021-06-23 04:00:00
47.998,48.788,47.986,48.49,1624507200,3434500.0,2021-06-24 04:00:00
48.406,48.472,47.288,48.1,1624593600,5296000.0,2021-06-25 04:00:00
49.408,49.466,48.552,48.634,1624852800,3795500.0,2021-06-28 04:00:00
48.648,48.994,47.93,48.71,1624939200,4774500.0,2021-06-29 04:00:00
47.638,48.564,47.566,48.564,1625025600,5466500.0,2021-06-30 04:00:00
48.468,48.532,47.272,47.572,1625112000,5718000.0,2021-07-01 04:00:00
49.608,49.746,48.692,48.694,1625198400,3666500.0,2021-07-02 04:00:00
50.23,50.37,49.136,50.15,1625544000,5034500.0,2021-07-06 04:00:00
50.666,50.758,49.348,50.55,1625630400,5402500.0,2021-07-07 04:00:00
50.586,50.896,49.124,49.964,1625716800,4513000.0,2021-07-08 04:00:00
51.362,51.486,50.506,50.922,1625803200,4791000.0,2021-07-09 04:00:00
51.158,51.894,50.954,51.616,1626062400,4102500.0,2021-07-12 04:00:00
51.408,51.69,50.8,51.18,1626148800,2545500.0,2021-07-13 04:00:00
51.168,51.734,50.726,51.58,1626235200,3674500.0,2021-07-14 04:00:00
51.26,52.38,50.862,51.554,1626321600,6286000.0,2021-07-15 04:00:00
51.688,52.554,51.642,51.72,1626408000,4327000.0,2021-07-16 04:00:00
51.326,51.67,50.474,51.02,1626667200,4539000.0,2021-07-19 04:00:00
52.768,53.03,51.6,51.898,1626753600,3952500.0,2021-07-20 04:00:00
52.93,53.204,52.41,52.842,1626840000,4078500.0,2021-07-21 04:00:00
54.15,54.288,53.138,53.254,1626926400,4041500.0,2021-07-22 04:00:00
55.142,55.218,53.724,54.188,1627012800,4112500.0,2021-07-23 04:00:00
54.468,55.4,54.428,55.32,1627272000,3356500.0,2021-07-26 04:00:00
54.228,54.684,53.336,54.48,1627358400,3686500.0,2021-07-27 04:00:00
54.338,54.764,53.816,54.4,1627444800,4005500.0,2021-07-28 04:00:00
54.842,55.34,54.434,54.456,1627531200,4835000.0,2021-07-29 04:00:00
54.448,54.756,50.0,54.198,1627617600,9331500.0,2021-07-30 04:00:00
56.924,57.708,54.028,54.854,1627876800,10210500.0,2021-08-02 04:00:00
59.552,59.6,57.0,57.094,1627963200,7555000.0,2021-08-03 04:00:00
60.804,61.12,58.69,59.47,1628049600,6016000.0,2021-08-04 04:00:00
60.004,61.302,59.654,61.0,1628136000,6621000.0,2021-08-05 04:00:00
60.736,60.754,59.2,59.71,1628222400,3981500.0,2021-08-06 04:00:00
60.222,61.1,59.838,61.03,1628481600,3624500.0,2021-08-09 04:00:00
60.08,60.872,59.624,60.306,1628568000,3611000.0,2021-08-10 04:00:00
59.734,60.596,58.742,60.286,1628654400,4897500.0,2021-08-11 04:00:00
61.132,61.958,59.656,59.868,1628740800,5780500.0,2021-08-12 04:00:00
61.866,61.906,60.442,60.7,1628827200,2991500.0,2021-08-13 04:00:00
60.488,61.8,59.734,61.8,1629086400,3789000.0,2021-08-16 04:00:00
59.726,60.454,59.038,60.028,1629172800,4477500.0,2021-08-17 04:00:00
58.544,59.78,58.516,59.638,1629259200,4402000.0,2021-08-18 04:00:00
59.156,59.716,57.252,57.558,1629345600,4093000.0,2021-08-19 04:00:00
59.588,59.918,59.066,59.54,1629432000,3658000.0,2021-08-20 04:00:00
61.504,61.69,60.334,60.378,1629691200,4704500.0,2021-08-23 04:00:00
59.968,61.602,59.824,61.6,1629777600,5207500.0,2021-08-24 04:00:00
61.206,61.568,60.036,60.1,1629864000,4008500.0,2021-08-25 04:00:00
62.026,62.314,61.054,61.06,1629950400,3659000.0,2021-08-26 04:00:00
63.212,63.488,61.774,62.096,1630036800,4456000.0,2021-08-27 04:00:00
63.878,64.38,63.6,63.824,1630296000,3393000.0,2021-08-30 04:00:00
63.028,64.116,62.644,64.0,1630382400,5856500.0,2021-08-31 04:00:00
61.694,63.588,60.886,63.508,1630468800,8388000.0,2021-09-01 04:00:00
62.78,63.36,62.092,62.264,1630555200,4073500.0,2021-09-02 04:00:00
64.038,64.286,62.766,62.766,1630641600,3534500.0,2021-09-03 04:00:00
62.816,64.4,62.48,64.2,1630987200,4063000.0,2021-09-07 04:00:00
61.84,63.148,61.61,62.61,1631073600,5401000.0,2021-09-08 04:00:00
62.148,62.648,61.82,61.84,1631160000,4065500.0,2021-09-09 04:00:00
62.098,62.964,61.716,62.646,1631246400,3319500.0,2021-09-10 04:00:00
59.384,62.288,58.854,62.112,1631505600,8885500.0,2021-09-13 04:00:00
60.116,61.136,59.264,59.6,1631592000,6213000.0,2021-09-14 04:00:00
60.306,60.798,59.838,60.446,1631678400,5027500.0,2021-09-15 04:00:00
60.812,60.876,59.714,60.178,1631764800,3354000.0,2021-09-16 04:00:00
59.898,60.882,59.362,60.506,1631851200,7779000.0,2021-09-17 04:00:00
59.414,59.55,56.828,58.402,1632110400,5185500.0,2021-09-20 04:00:00
59.92,60.658,59.024,60.4,1632196800,3565500.0,2021-09-21 04:00:00
60.324,60.638,59.47,60.2,1632283200,3515000.0,2021-09-22 04:00:00
62.108,62.29,60.474,60.892,1632369600,4887000.0,2021-09-23 04:00:00
62.38,62.566,61.424,61.64,1632456000,3283000.0,2021-09-24 04:00:00
60.114,61.976,59.838,61.692,1632715200,4127000.0,2021-09-27 04:00:00
57.576,60.19,57.414,59.574,1632801600,7433000.0,2021-09-28 04:00:00
57.766,58.806,57.616,58.25,1632888000,5604000.0,2021-09-29 04:00:00
58.408,59.024,57.678,57.678,1632974400,4332000.0,2021-09-30 04:00:00
59.6,59.9,57.81,58.234,1633060800,4479000.0,2021-10-01 04:00:00
57.774,58.866,56.954,58.508,1633320000,5075500.0,2021-10-04 04:00:00
59.704,60.2,58.324,58.724,1633406400,5241000.0,2021-10-05 04:00:00
60.36,60.942,58.578,58.884,1633492800,4171000.0,2021-10-06 04:00:00
61.924,62.648,60.804,60.926,1633579200,3705000.0,2021-10-07 04:00:00
61.434,62.448,61.07,62.036,1633665600,2363000.0,2021-10-08 04:00:00
61.36,61.822,60.57,61.032,1633924800,2524000.0,2021-10-11 04:00:00
61.316,62.172,61.146,62.172,1634011200,2510500.0,2021-10-12 04:00:00
62.02,62.8,61.602,61.778,1634097600,3788000.0,2021-10-13 04:00:00
62.762,63.776,62.22,62.978,1634184000,4454000.0,2021-10-14 04:00:00
63.058,63.316,62.346,62.992,1634270400,3697500.0,2021-10-15 04:00:00
65.348,65.378,63.092,63.092,1634529600,4646500.0,2021-10-18 04:00:00
66.424,66.618,65.3,65.77,1634616000,4547000.0,2021-10-19 04:00:00
66.69,67.322,65.724,66.842,1634702400,3533000.0,2021-10-20 04:00:00
66.868,66.892,65.54,66.768,1634788800,3108500.0,2021-10-21 04:00:00
67.058,67.764,66.26,66.972,1634875200,2282500.0,2021-10-22 04:00:00
66.382,69.05,66.204,67.52,1635134400,4970000.0,2021-10-25 04:00:00
64.526,66.82,64.0,66.792,1635220800,7187000.0,2021-10-26 04:00:00
64.122,65.704,64.044,64.84,1635307200,3491500.0,2021-10-27 04:00:00
65.476,65.528,64.136,64.136,1635393600,2842500.0,2021-10-28 04:00:00
67.268,67.588,65.01,65.052,1635480000,4276500.0,2021-10-29 04:00:00
64.822,67.598,63.812,67.268,1635739200,5875000.0,2021-11-01 04:00:00
65.686,66.396,64.942,64.996,1635825600,3826500.0,2021-11-02 04:00:00
65.984,66.472,64.444,66.012,1635912000,3431500.0,2021-11-03 04:00:00
67.68,67.706,65.718,65.732,1635998400,5747500.0,2021-11-04 04:00:00
68.238,69.846,65.502,69.846,1636084800,8395000.0,2021-11-05 04:00:00
70.238,71.07,68.272,69.0,1636347600,6589000.0,2021-11-08 05:00:00
69.812,70.828,68.662,70.394,1636434000,5009500.0,2021-11-09 05:00:00
66.632,69.2,65.88,69.134,1636520400,5811500.0,2021-11-10 05:00:00
67.376,67.982,66.908,67.778,1636606800,3304500.0,2021-11-11 05:00:00
68.434,68.748,67.85,67.868,1636693200,2909000.0,2021-11-12 05:00:00
67.026,68.95,66.358,68.95,1636952400,3757000.0,2021-11-15 05:00:00
68.202,68.496,66.422,66.422,1637038800,3391000.0,2021-11-16 05:00:00
68.27,68.828,66.958,68.246,1637125200,3756500.0,2021-11-17 05:00:00
68.702,69.28,67.614,68.2,1637211600,3465000.0,2021-11-18 05:00:00
68.502,70.128,68.384,69.372,1637298000,3608000.0,2021-11-19 05:00:00
66.16,68.908,65.062,68.74,1637557200,5159500.0,2021-11-22 05:00:00
65.496,66.63,63.654,65.314,1637643600,5327500.0,2021-11-23 05:00:00
66.648,66.676,63.994,65.37,1637730000,2946000.0,2021-11-24 05:00:00
65.478,68.208,65.042,66.09,1637902800,3236000.0,2021-11-26 05:00:00
68.66,69.1,66.366,66.6,1638162000,5235500.0,2021-11-29 05:00:00
66.422,69.554,66.066,68.928,1638248400,8660000.0,2021-11-30 05:00:00
61.052,67.61,60.902,67.52,1638334800,11505500.0,2021-12-01 05:00:00
62.622,62.932,60.22,61.052,1638421200,8490500.0,2021-12-02 05:00:00
60.564,62.65,59.334,62.176,1638507600,10449000.0,2021-12-03 05:00:00
58.408,60.104,57.848,59.558,1638766800,11292500.0,2021-12-06 05:00:00
63.448,63.54,60.598,60.638,1638853200,6454000.0,2021-12-07 05:00:00
64.488,64.776,62.286,63.446,1638939600,5147000.0,2021-12-08 05:00:00
63.284,64.892,62.968,64.576,1639026000,4041500.0,2021-12-09 05:00:00
66.526,66.856,64.02,64.02,1639112400,6902000.0,2021-12-10 05:00:00
66.32,67.876,65.75,66.912,1639371600,7119500.0,2021-12-13 05:00:00
63.16,64.63,61.216,64.576,1639458000,8491500.0,2021-12-14 05:00:00
67.356,67.522,63.184,63.2,1639544400,8266000.0,2021-12-15 05:00:00
64.584,67.54,63.996,67.096,1639630800,7288000.0,2021-12-16 05:00:00
66.766,67.438,63.024,63.274,1639717200,48309500.0,2021-12-17 05:00:00
66.106,66.872,64.146,64.73,1639976400,7360500.0,2021-12-20 05:00:00
67.85,67.956,64.64,66.956,1640062800,5662000.0,2021-12-21 05:00:00
69.632,69.758,67.0,68.0,1640149200,4233500.0,2021-12-22 05:00:00
69.804,70.968,69.216,69.6,1640235600,3536000.0,2021-12-23 05:00:00
73.534,73.558,70.752,70.778,1640581200,5094000.0,2021-12-27 05:00:00
73.2,74.0,72.304,74.0,1640667600,3828500.0,2021-12-28 05:00:00
73.348,74.354,72.542,73.25,1640754000,2975500.0,2021-12-29 05:00:00
71.956,74.058,71.76,73.446,1640840400,3754000.0,2021-12-30 05:00:00
71.88,72.712,71.786,71.952,1640926800,2640500.0,2021-12-31 05:00:00
66.624,72.424,66.488,72.424,1641186000,9515000.0,2022-01-03 05:00:00
64.428,66.684,62.534,66.1,1641272400,9829000.0,2022-01-04 05:00:00
60.698,63.94,60.582,63.176,1641358800,12033000.0,2022-01-05 05:00:00
62.8,63.934,58.738,58.898,1641445200,12004000.0,2022-01-06 05:00:00
62.932,63.966,61.816,61.888,1641531600,8805000.0,2022-01-07 05:00:00
64.942,64.982,60.484,60.844,1641790800,11657500.0,2022-01-10 05:00:00
64.712,64.8,62.8,63.546,1641877200,7455500.0,2022-01-11 05:00:00
64.158,66.05,63.642,65.108,1641963600,7013500.0,2022-01-12 05:00:00
61.576,64.56,61.452,64.108,1642050000,6471000.0,2022-01-13 05:00:00
62.508,62.776,60.632,61.05,1642136400,6412000.0,2022-01-14 05:00:00
61.694,63.528,60.61,60.816,1642482000,7610000.0,2022-01-18 05:00:00
61.432,64.632,61.348,62.47,1642568400,5922000.0,2022-01-19 05:00:00
60.998,63.588,60.93,61.996,1642654800,5268000.0,2022-01-20 05:00:00
57.73,60.88,57.65,60.372,1642741200,9746500.0,2022-01-21 05:00:00
58.074,58.15,52.568,56.532,1643000400,16821500.0,2022-01-24 05:00:00
54.59,56.886,54.226,56.756,1643086800,8703000.0,2022-01-25 05:00:00
54.23,57.302,53.662,56.36,1643173200,8629000.0,2022-01-26 05:00:00
53.944,56.334,53.732,55.13,1643259600,6165500.0,2022-01-27 05:00:00
56.432,56.512,53.04,54.75,1643346000,7346500.0,2022-01-28 05:00:00
59.448,59.62,55.912,56.432,1643605200,9103500.0,2022-01-31 05:00:00
60.436,60.626,58.358,59.568,1643691600,6467000.0,2022-02-01 05:00:00
61.976,62.2,60.604,61.224,1643778000,8535500.0,2022-02-02 05:00:00
59.4,62.106,59.074,59.896,1643864400,8857500.0,2022-02-03 05:00:00
62.866,63.466,57.836,60.814,1643950800,12722500.0,2022-02-04 05:00:00
61.444,63.38,61.154,62.284,1644210000,5925000.0,2022-02-07 05:00:00
62.972,63.194,60.89,61.186,1644296400,4988000.0,2022-02-08 05:00:00
65.968,66.052,63.71,64.0,1644382800,6909000.0,2022-02-09 05:00:00
65.072,66.472,64.104,64.25,1644469200,5765000.0,2022-02-10 05:00:00
62.054,65.956,61.638,65.258,1644555600,5881000.0,2022-02-11 05:00:00
62.07,63.356,61.29,62.224,1644814800,5370000.0,2022-02-14 05:00:00
64.484,64.672,62.98,63.372,1644901200,3830000.0,2022-02-15 05:00:00
64.072,64.304,62.068,63.492,1644987600,4955500.0,2022-02-16 05:00:00
62.108,63.526,61.846,63.526,1645074000,3957000.0,2022-02-17 05:00:00
60.97,62.862,60.788,62.214,1645160400,4612000.0,2022-02-18 05:00:00
59.48,61.34,58.59,60.406,1645506000,6688500.0,2022-02-22 05:00:00
56.902,60.74,56.684,60.09,1645592400,6862000.0,2022-02-23 05:00:00
63.29,63.694,55.188,55.576,1645678800,12905500.0,2022-02-24 05:00:00
64.994,65.112,62.0,63.392,1645765200,6182500.0,2022-02-25 05:00:00
68.904,69.09,64.304,64.51,1646024400,12006500.0,2022-02-28 05:00:00
67.566,70.304,66.844,69.21,1646110800,8148000.0,2022-03-01 05:00:00
68.962,69.374,66.474,67.93,1646197200,5867000.0,2022-03-02 05:00:00
67.27,69.658,66.308,69.226,1646283600,5678000.0,2022-03-03 05:00:00
67.092,67.81,65.292,67.256,1646370000,6077500.0,2022-03-04 05:00:00
58.274,67.592,58.168,66.744,1646629200,12903000.0,2022-03-07 05:00:00
55.366,57.3,54.5,56.914,1646715600,10565500.0,2022-03-08 05:00:00
57.486,57.86,54.806,57.022,1646802000,10994500.0,2022-03-09 05:00:00
57.352,57.946,55.512,56.86,1646888400,7338000.0,2022-03-10 05:00:00
55.826,58.412,55.704,58.412,1646974800,6845000.0,2022-03-11 05:00:00
55.088,56.422,53.054,55.266,1647230400,9983000.0,2022-03-14 04:00:00
56.664,56.796,54.752,55.69,1647316800,6130000.0,2022-03-15 04:00:00
59.508,59.566,56.34,56.77,1647403200,9152500.0,2022-03-16 04:00:00
60.696,60.708,57.84,58.742,1647489600,8120000.0,2022-03-17 04:00:00
63.994,64.232,60.06,60.598,1647576000,13095000.0,2022-03-18 04:00:00
62.906,63.772,61.162,63.068,1647835200,7950500.0,2022-03-21 04:00:00
65.138,65.356,62.4,62.644,1647921600,6457500.0,2022-03-22 04:00:00
64.286,65.91,63.634,64.75,1648008000,3931500.0,2022-03-23 04:00:00
67.142,67.27,63.666,64.504,1648094400,4998500.0,2022-03-24 04:00:00
66.546,67.23,64.406,66.6,1648180800,4292500.0,2022-03-25 04:00:00
67.706,68.246,65.922,66.6,1648440000,3872000.0,2022-03-28 04:00:00
69.496,69.718,67.272,68.912,1648526400,6421000.0,2022-03-29 04:00:00
68.386,70.16,68.002,69.0,1648612800,3578000.0,2022-03-30 04:00:00
68.348,70.596,68.252,68.252,1648699200,6092500.0,2022-03-31 04:00:00
67.802,69.02,67.204,68.202,1648785600,3621500.0,2022-04-01 04:00:00
69.338,69.526,68.07,68.496,1649044800,3355000.0,2022-04-04 04:00:00
68.378,69.396,67.73,69.248,1649131200,4341500.0,2022-04-05 04:00:00
66.414,67.558,65.704,67.062,1649217600,4918500.0,2022-04-06 04:00:00
67.624,68.904,66.254,66.254,1649304000,5227500.0,2022-04-07 04:00:00
67.166,68.342,66.78,67.024,1649390400,3617500.0,2022-04-08 04:00:00
65.614,66.768,64.93,66.138,1649649600,4485000.0,2022-04-11 04:00:00
66.02,68.344,65.49,67.062,1649736000,3894000.0,2022-04-12 04:00:00
68.172,68.54,66.104,66.398,1649822400,3954500.0,2022-04-13 04:00:00
66.352,68.678,66.21,68.57,1649908800,3645000.0,2022-04-14 04:00:00
66.084,66.844,64.65,65.886,1650254400,3188000.0,2022-04-18 04:00:00
67.038,67.232,65.092,65.874,1650340800,3805000.0,2022-04-19 04:00:00
68.116,69.73,67.346,67.6,1650427200,5339000.0,2022-04-20 04:00:00
64.252,71.516,64.086,68.916,1650513600,6071000.0,2022-04-21 04:00:00
60.858,64.768,60.728,64.18,1650600000,5262000.0,2022-04-22 04:00:00
64.698,64.862,60.202,60.426,1650859200,6626000.0,2022-04-25 04:00:00
61.3,64.288,61.288,63.866,1650945600,4976500.0,2022-04-26 04:00:00
60.064,63.148,59.928,61.316,1651032000,5187000.0,2022-04-27 04:00:00
61.73,62.378,59.334,60.848,1651118400,5961500.0,2022-04-28 04:00:00
57.802,61.976,57.528,61.244,1651204800,6013000.0,2022-04-29 04:00:00
58.404,58.898,56.706,57.712,1651464000,6456000.0,2022-05-02 04:00:00
57.306,58.8,56.726,58.404,1651550400,5069500.0,2022-05-03 04:00:00
57.474,57.698,53.552,56.838,1651636800,11359000.0,2022-05-04 04:00:00
56.904,61.278,55.16,60.6,1651723200,13191000.0,2022-05-05 04:00:00
53.274,55.9,52.652,55.824,1651809600,7995000.0,2022-05-06 04:00:00
49.044,52.38,48.726,51.952,1652068800,10737000.0,2022-05-09 04:00:00
52.358,53.46,49.104,51.756,1652155200,13170000.0,2022-05-10 04:00:00
52.192,55.748,51.876,52.32,1652241600,15667500.0,2022-05-11 04:00:00
53.332,55.48,50.8,51.4,1652328000,10798000.0,2022-05-12 04:00:00
56.31,56.698,54.468,54.512,1652414400,8673500.0,2022-05-13 04:00:00
55.114,57.476,54.956,55.86,1652673600,6360500.0,2022-05-16 04:00:00
56.562,57.4,55.034,56.686,1652760000,7720500.0,2022-05-17 04:00:00
54.116,56.656,53.686,55.316,1652846400,11199000.0,2022-05-18 04:00:00
55.032,56.322,53.144,53.518,1652932800,8350500.0,2022-05-19 04:00:00
57.056,57.8,54.246,57.26,1653019200,11468000.0,2022-05-20 04:00:00
57.274,58.506,56.718,57.29,1653278400,7018000.0,2022-05-23 04:00:00
57.168,61.92,55.314,56.408,1653364800,8979500.0,2022-05-24 04:00:00
57.464,58.144,56.036,56.19,1653451200,6623500.0,2022-05-25 04:00:00
58.86,59.428,56.916,57.538,1653537600,6211000.0,2022-05-26 04:00:00
59.574,59.928,58.456,59.43,1653624000,9173000.0,2022-05-27 04:00:00
58.828,59.632,57.814,59.454,1653969600,9866000.0,2022-05-31 04:00:00
57.812,59.85,57.444,59.252,1654056000,5257000.0,2022-06-01 04:00:00
60.644,61.066,57.642,57.912,1654142400,5513000.0,2022-06-02 04:00:00
59.328,59.928,58.396,59.624,1654228800,4924500.0,2022-06-03 04:00:00
59.394,60.298,59.032,60.184,1654488000,3275500.0,2022-06-06 04:00:00
61.076,61.296,58.548,58.744,1654574400,4148000.0,2022-06-07 04:00:00
60.106,61.416,60.042,60.82,1654660800,3418500.0,2022-06-08 04:00:00
60.7,62.406,59.534,60.512,1654747200,5970000.0,2022-06-09 04:00:00
57.662,59.942,57.364,59.592,1654833600,6866000.0,2022-06-10 04:00:00
53.298,55.83,53.01,55.598,1655092800,6939000.0,2022-06-13 04:00:00
53.846,54.306,53.024,53.748,1655179200,4913500.0,2022-06-14 04:00:00
55.504,56.588,54.138,54.49,1655265600,5361000.0,2022-06-15 04:00:00
52.746,54.554,52.336,54.088,1655352000,5731000.0,2022-06-16 04:00:00
53.798,54.298,52.6,52.624,1655438400,11750500.0,2022-06-17 04:00:00
56.202,57.0,55.094,55.18,1655784000,5768500.0,2022-06-21 04:00:00
55.688,56.912,55.1,55.198,1655870400,4096500.0,2022-06-22 04:00:00
56.8,57.36,55.19,56.2,1655956800,4602300.0,2022-06-23 04:00:00
59.13,59.38,56.38,57.51,1656043200,7996900.0,2022-06-24 04:00:00
58.85,60.39,57.58,58.97,1656302400,3179500.0,2022-06-27 04:00:00
57.29,60.59,57.06,59.61,1656388800,4750500.0,2022-06-28 04:00:00
57.17,57.95,56.45,57.25,1656475200,3357600.0,2022-06-29 04:00:00
56.58,57.36,55.85,56.75,1656561600,4280000.0,2022-06-30 04:00:00
57.37,57.63,55.78,56.4,1656648000,2661700.0,2022-07-01 04:00:00
59.0,59.2,56.04,56.13,1656993600,3437600.0,2022-07-05 04:00:00
59.87,60.6,59.09,59.52,1657080000,4152500.0,2022-07-06 04:00:00
61.62,61.92,59.81,60.25,1657166400,5456500.0,2022-07-07 04:00:00
62.7,63.11,60.59,61.26,1657252800,3691500.0,2022-07-08 04:00:00
62.28,62.64,61.36,62.23,1657512000,3544000.0,2022-07-11 04:00:00
59.62,63.56,59.14,63.0,1657598400,5614700.0,2022-07-12 04:00:00
58.91,59.91,57.44,58.1,1657684800,3750900.0,2022-07-13 04:00:00
57.64,58.32,55.57,58.29,1657771200,4630600.0,2022-07-14 04:00:00
60.22,60.58,58.08,58.08,1657857600,4738200.0,2022-07-15 04:00:00
58.0,60.9,57.78,60.43,1658116800,4819300.0,2022-07-18 04:00:00
59.2,59.59,58.34,59.32,1658203200,7184900.0,2022-07-19 04:00:00
59.64,60.63,58.84,59.53,1658289600,5244700.0,2022-07-20 04:00:00
61.86,61.93,59.02,59.97,1658376000,3901200.0,2022-07-21 04:00:00
61.23,63.4,60.91,62.32,1658462400,2397600.0,2022-07-22 04:00:00
61.0,61.24,59.95,61.18,1658721600,3182800.0,2022-07-25 04:00:00
56.26,61.21,55.21,61.21,1658808000,6507200.0,2022-07-26 04:00:00
57.93,58.54,56.35,57.31,1658894400,4262400.0,2022-07-27 04:00:00
59.4,59.63,57.35,58.26,1658980800,3886300.0,2022-07-28 04:00:00
59.65,59.93,58.53,59.46,1659067200,4806100.0,2022-07-29 04:00:00
60.06,60.95,58.58,59.03,1659326400,3960200.0,2022-08-01 04:00:00
60.37,61.03,59.4,59.55,1659412800,4032500.0,2022-08-02 04:00:00
62.88,63.16,60.83,61.19,1659499200,6500500.0,2022-08-03 04:00:00
52.61,56.96,52.0,56.83,1659585600,19687500.0,2022-08-04 04:00:00
53.39,53.45,51.24,52.0,1659672000,11779800.0,2022-08-05 04:00:00
53.32,54.37,53.17,53.52,1659931200,6171000.0,2022-08-08 04:00:00
52.19,53.36,51.9,52.91,1660017600,4391000.0,2022-08-09 04:00:00
53.89,54.32,53.34,54.04,1660104000,6173500.0,2022-08-10 04:00:00
52.52,54.87,52.41,54.29,1660190400,5496400.0,2022-08-11 04:00:00
54.29,54.41,52.79,53.07,1660276800,5007700.0,2022-08-12 04:00:00
54.08,54.53,53.76,53.9,1660536000,3109700.0,2022-08-15 04:00:00
52.94,54.27,52.32,53.84,1660622400,4902300.0,2022-08-16 04:00:00
51.93,52.64,51.63,52.33,1660708800,4814200.0,2022-08-17 04:00:00
52.27,52.56,51.82,52.07,1660795200,3793700.0,2022-08-18 04:00:00
51.29,52.16,51.07,51.87,1660881600,4369400.0,2022-08-19 04:00:00
50.32,50.79,49.71,50.28,1661140800,6160800.0,2022-08-22 04:00:00
50.59,52.32,50.51,50.91,1661227200,6809900.0,2022-08-23 04:00:00
50.16,50.9,49.98,50.74,1661313600,3366000.0,2022-08-24 04:00:00
50.87,50.97,50.18,50.67,1661400000,4258900.0,2022-08-25 04:00:00
49.57,51.22,49.42,51.22,1661486400,7008600.0,2022-08-26 04:00:00
48.69,49.49,48.57,49.35,1661745600,5837100.0,2022-08-29 04:00:00
49.04,49.36,48.31,49.19,1661832000,6129900.0,2022-08-30 04:00:00
48.69,50.18,48.49,49.45,1661918400,5860000.0,2022-08-31 04:00:00
48.55,48.6,47.37,48.04,1662004800,5723800.0,2022-09-01 04:00:00
48.6,49.55,48.34,49.08,1662091200,6405100.0,2022-09-02 04:00:00
49.65,49.94,48.03,48.68,1662436800,7441800.0,2022-09-06 04:00:00
50.45,50.64,49.29,49.88,1662523200,5120600.0,2022-09-07 04:00:00
51.71,51.84,49.98,50.21,1662609600,4492200.0,2022-09-08 04:00:00
53.59,53.69,52.08,52.08,1662696000,5488200.0,2022-09-09 04:00:00
55.84,55.94,53.75,53.78,1662955200,7382400.0,2022-09-12 04:00:00
51.87,53.62,51.8,53.23,1663041600,7693700.0,2022-09-13 04:00:00
51.94,52.32,51.05,52.25,1663128000,4542200.0,2022-09-14 04:00:00
50.82,52.48,50.54,51.92,1663214400,6011900.0,2022-09-15 04:00:00
50.42,50.64,49.6,50.19,1663300800,10405500.0,2022-09-16 04:00:00
50.74,50.84,49.61,49.61,1663560000,3593400.0,2022-09-19 04:00:00
50.77,51.1,50.17,50.33,1663646400,3590100.0,2022-09-20 04:00:00
49.8,51.8,49.76,51.11,1663732800,4367600.0,2022-09-21 04:00:00
48.74,50.17,48.64,49.51,1663819200,4057600.0,2022-09-22 04:00:00
48.59,48.92,47.95,48.5,1663905600,4248100.0,2022-09-23 04:00:00
48.29,49.54,48.21,48.77,1664164800,3514600.0,2022-09-26 04:00:00
48.5,49.74,47.87,49.01,1664251200,4214800.0,2022-09-27 04:00:00
49.97,50.23,48.4,48.94,1664337600,3878500.0,2022-09-28 04:00:00
49.63,49.86,48.49,49.5,1664424000,3470000.0,2022-09-29 04:00:00
49.13,50.59,49.06,49.59,1664510400,4727200.0,2022-09-30 04:00:00
50.96,51.39,49.33,49.58,1664769600,5040400.0,2022-10-03 04:00:00
52.68,53.08,52.11,52.27,1664856000,3892400.0,2022-10-04 04:00:00
53.59,53.85,51.69,51.7,1664942400,3368100.0,2022-10-05 04:00:00
53.74,54.75,53.56,53.79,1665028800,4983300.0,2022-10-06 04:00:00
51.47,53.16,50.95,52.68,1665115200,5489900.0,2022-10-07 04:00:00
51.23,53.84,50.83,53.31,1665374400,6975000.0,2022-10-10 04:00:00
48.58,51.06,48.29,50.81,1665460800,6377600.0,2022-10-11 04:00:00
48.21,48.95,47.4,48.81,1665547200,4970400.0,2022-10-12 04:00:00
49.2,49.63,45.74,46.46,1665633600,5114200.0,2022-10-13 04:00:00
48.13,50.27,48.07,50.06,1665720000,4751700.0,2022-10-14 04:00:00
50.46,50.74,49.67,49.67,1665979200,5594600.0,2022-10-17 04:00:00
51.56,52.75,50.66,52.19,1666065600,5122000.0,2022-10-18 04:00:00
51.79,52.74,51.09,51.17,1666152000,4373800.0,2022-10-19 04:00:00
51.59,53.13,51.3,52.02,1666238400,4433500.0,2022-10-20 04:00:00
53.75,53.87,50.94,51.72,1666324800,5512200.0,2022-10-21 04:00:00
54.9,55.5,52.83,54.34,1666584000,5905900.0,2022-10-24 04:00:00
55.92,56.75,54.98,54.98,1666670400,5524300.0,2022-10-25 04:00:00
55.49,57.25,54.8,55.09,1666756800,5972700.0,2022-10-26 04:00:00
56.01,57.0,55.51,56.2,1666843200,4246200.0,2022-10-27 04:00:00
57.1,57.16,55.27,56.36,1666929600,3795400.0,2022-10-28 04:00:00
57.16,57.34,55.9,56.39,1667188800,5405900.0,2022-10-31 04:00:00
56.42,58.29,56.39,57.86,1667275200,4765900.0,2022-11-01 04:00:00
53.23,56.33,53.09,56.2,1667361600,9976900.0,2022-11-02 04:00:00
45.93,47.34,42.61,45.55,1667448000,16959800.0,2022-11-03 04:00:00
47.1,47.31,45.15,46.21,1667534400,9579800.0,2022-11-04 04:00:00
47.86,48.27,45.94,47.22,1667797200,6168100.0,2022-11-07 05:00:00
50.6,51.24,48.15,48.51,1667883600,7081000.0,2022-11-08 05:00:00
49.88,50.52,49.59,50.25,1667970000,4717300.0,2022-11-09 05:00:00
54.39,54.74,52.78,53.27,1668056400,7428200.0,2022-11-10 05:00:00
56.13,56.23,53.76,54.0,1668142800,6267100.0,2022-11-11 05:00:00
55.52,56.91,54.8,55.7,1668402000,5687800.0,2022-11-14 05:00:00
56.2,57.39,55.66,56.9,1668488400,4498100.0,2022-11-15 05:00:00
54.69,55.98,54.51,55.68,1668574800,4280700.0,2022-11-16 05:00:00
54.14,54.54,52.68,53.46,1668661200,5429300.0,2022-11-17 05:00:00
52.15,55.8,51.26,55.8,1668747600,6357000.0,2022-11-18 05:00:00
52.32,52.59,51.4,51.56,1669006800,3731600.0,2022-11-21 05:00:00
52.28,52.85,51.22,52.78,1669093200,4935600.0,2022-11-22 05:00:00
53.35,53.58,51.84,52.25,1669179600,2997200.0,2022-11-23 05:00:00
52.91,53.48,52.87,53.08,1669352400,2117800.0,2022-11-25 05:00:00
52.08,53.24,51.89,52.97,1669611600,3905800.0,2022-11-28 05:00:00
51.59,52.3,50.84,52.25,1669698000,5729100.0,2022-11-29 05:00:00
53.16,53.19,50.48,51.23,1669784400,11465700.0,2022-11-30 05:00:00
55.38,55.55,53.35,53.63,1669870800,4410200.0,2022-12-01 05:00:00
53.61,54.36,52.96,54.11,1669957200,4685400.0,2022-12-02 05:00:00
51.67,52.83,51.14,52.72,1670216400,3644100.0,2022-12-05 05:00:00
50.85,51.89,50.63,51.77,1670302800,3714300.0,2022-12-06 05:00:00
51.6,51.77,50.37,50.74,1670389200,3172400.0,2022-12-07 05:00:00
52.91,53.39,51.17,51.92,1670475600,4109000.0,2022-12-08 05:00:00
52.13,52.95,51.88,52.78,1670562000,3784700.0,2022-12-09 05:00:00
53.64,54.06,52.3,52.46,1670821200,3808500.0,2022-12-12 05:00:00
54.71,56.71,53.81,56.65,1670907600,4640600.0,2022-12-13 05:00:00
54.27,55.8,53.68,55.01,1670994000,3709400.0,2022-12-14 05:00:00
52.17,54.0,52.01,53.54,1671080400,4501600.0,2022-12-15 05:00:00
51.92,52.5,51.37,51.54,1671166800,14845300.0,2022-12-16 05:00:00
49.98,51.74,49.67,51.74,1671426000,4871600.0,2022-12-19 05:00:00
50.47,50.73,49.26,49.52,1671512400,4342100.0,2022-12-20 05:00:00
50.01,50.3,47.04,50.3,1671598800,6803100.0,2022-12-21 05:00:00
49.15,49.99,48.45,49.64,1671685200,4906400.0,2022-12-22 05:00:00
48.73,49.22,48.29,48.97,1671771600,2958800.0,2022-12-23 05:00:00
48.55,49.23,47.9,48.44,1672117200,2804500.0,2022-12-27 05:00:00
47.86,49.03,47.8,48.5,1672203600,2633100.0,2022-12-28 05:00:00
49.21,49.37,48.0,48.1,1672290000,2668100.0,2022-12-29 05:00:00
48.89,48.92,48.15,48.55,1672376400,2338900.0,2022-12-30 05:00:00
48.52,50.25,48.02,49.53,1672722000,4647500.0,2023-01-03 05:00:00
48.3,49.47,47.96,49.02,1672808400,4674800.0,2023-01-04 05:00:00
47.45,48.18,46.55,47.77,1672894800,6585100.0,2023-01-05 05:00:00
48.69,48.86,47.08,48.32,1672981200,5223700.0,2023-01-06 05:00:00
49.41,50.67,49.3,49.41,1673240400,4539700.0,2023-01-09 05:00:00
48.42,50.15,48.1,49.12,1673326800,5314100.0,2023-01-10 05:00:00
48.8,49.06,48.15,48.84,1673413200,4111100.0,2023-01-11 05:00:00
48.4,48.64,47.19,48.13,1673499600,4932500.0,2023-01-12 05:00:00
48.87,49.04,45.88,46.25,1673586000,6281700.0,2023-01-13 05:00:00
50.1,50.45,48.43,48.76,1673931600,5436600.0,2023-01-17 05:00:00
48.38,51.52,48.31,50.68,1674018000,4894800.0,2023-01-18 05:00:00
48.42,49.02,47.78,48.11,1674104400,4631900.0,2023-01-19 05:00:00
49.27,49.36,48.5,48.55,1674190800,5372900.0,2023-01-20 05:00:00
50.51,50.55,48.89,49.27,1674450000,5771300.0,2023-01-23 05:00:00
51.09,51.45,50.1,50.47,1674536400,4698000.0,2023-01-24 05:00:00
51.76,51.91,49.43,50.21,1674622800,5872700.0,2023-01-25 05:00:00
53.21,54.57,51.94,53.33,1674709200,6410600.0,2023-01-26 05:00:00
52.7,53.13,51.71,51.9,1674795600,5257100.0,2023-01-27 05:00:00
51.05,52.41,50.92,52.34,1675054800,5248800.0,2023-01-30 05:00:00
52.34,52.53,50.92,51.09,1675141200,6031300.0,2023-01-31 05:00:00
53.09,53.59,51.42,52.15,1675227600,9170600.0,2023-02-01 05:00:00
53.85,54.33,53.0,53.01,1675314000,6790000.0,2023-02-02 05:00:00
53.0,53.74,52.54,52.87,1675400400,5467600.0,2023-02-03 05:00:00
51.99,53.47,51.88,52.47,1675659600,4853600.0,2023-02-06 05:00:00
53.78,54.19,51.79,52.55,1675746000,9785500.0,2023-02-07 05:00:00
59.64,61.45,58.72,60.75,1675832400,18344600.0,2023-02-08 05:00:00
57.82,60.83,57.65,60.76,1675918800,9973100.0,2023-02-09 05:00:00
59.61,59.69,57.1,57.42,1676005200,5564400.0,2023-02-10 05:00:00
60.15,60.46,59.33,59.76,1676264400,4507500.0,2023-02-13 05:00:00
61.19,61.5,59.88,60.15,1676350800,5190100.0,2023-02-14 05:00:00
62.81,63.02,60.71,60.99,1676437200,5235100.0,2023-02-15 05:00:00
61.39,62.61,61.23,62.0,1676523600,4033900.0,2023-02-16 05:00:00
60.64,61.3,60.29,60.87,1676610000,3687200.0,2023-02-17 05:00:00
59.71,60.37,59.3,59.79,1676955600,4515500.0,2023-02-21 05:00:00
60.21,61.25,59.77,60.6,1677042000,5662900.0,2023-02-22 05:00:00
60.58,60.79,59.34,60.61,1677128400,4123800.0,2023-02-23 05:00:00
58.86,59.85,58.57,59.39,1677214800,3730400.0,2023-02-24 05:00:00
59.62,60.14,59.38,59.68,1677474000,3597100.0,2023-02-27 05:00:00
59.44,60.09,59.08,59.63,1677560400,3962300.0,2023-02-28 05:00:00
58.44,59.54,58.3,59.54,1677646800,3353000.0,2023-03-01 05:00:00
59.64,60.04,58.16,58.41,1677733200,3442100.0,2023-03-02 05:00:00
60.84,60.9,59.53,59.68,1677819600,3870900.0,2023-03-03 05:00:00
61.31,61.76,60.66,61.11,1678078800,2542900.0,2023-03-06 05:00:00
60.37,61.99,60.11,61.0,1678165200,5258100.0,2023-03-07 05:00:00
61.79,61.99,59.75,60.66,1678251600,5047400.0,2023-03-08 05:00:00
59.95,62.08,59.86,61.46,1678338000,4940400.0,2023-03-09 05:00:00
58.76,60.47,58.6,60.02,1678424400,4381600.0,2023-03-10 05:00:00
59.27,60.17,57.63,58.22,1678680000,4772300.0,2023-03-13 04:00:00
60.89,61.09,59.89,60.35,1678766400,3887400.0,2023-03-14 04:00:00
60.39,61.22,59.72,60.61,1678852800,3450400.0,2023-03-15 04:00:00
61.88,61.97,59.9,60.34,1678939200,3994000.0,2023-03-16 04:00:00
61.22,62.47,60.7,61.72,1679025600,8197000.0,2023-03-17 04:00:00
61.54,61.58,60.76,60.91,1679284800,4768300.0,2023-03-20 04:00:00
62.46,62.61,60.87,61.75,1679371200,3661900.0,2023-03-21 04:00:00
61.21,63.2,61.17,62.3,1679457600,2859400.0,2023-03-22 04:00:00
63.25,63.95,62.0,62.1,1679544000,4429700.0,2023-03-23 04:00:00
62.99,63.25,62.02,62.92,1679630400,3384500.0,2023-03-24 04:00:00
63.98,64.33,63.17,63.26,1679889600,5029800.0,2023-03-27 04:00:00
64.27,64.6,63.51,63.73,1679976000,3993200.0,2023-03-28 04:00:00
64.81,65.1,64.36,65.04,1680062400,4280300.0,2023-03-29 04:00:00
65.81,65.88,65.09,65.2,1680148800,3681600.0,2023-03-30 04:00:00
66.46,66.57,65.55,66.02,1680235200,5714900.0,2023-03-31 04:00:00
66.31,66.38,65.65,65.82,1680494400,3343000.0,2023-04-03 04:00:00
65.97,66.72,65.53,66.57,1680580800,3401900.0,2023-04-04 04:00:00
65.15,66.26,64.71,65.68,1680667200,3864900.0,2023-04-05 04:00:00
65.52,65.58,64.26,64.75,1680753600,2772200.0,2023-04-06 04:00:00
66.91,67.44,64.65,64.8,1681099200,5934700.0,2023-04-10 04:00:00
67.0,67.64,66.55,66.71,1681185600,3107900.0,2023-04-11 04:00:00
67.19,68.18,66.96,67.57,1681272000,3890200.0,2023-04-12 04:00:00
68.39,68.85,67.51,67.67,1681358400,4195300.0,2023-04-13 04:00:00
68.07,69.07,67.42,68.27,1681444800,4049500.0,2023-04-14 04:00:00
67.71,68.77,67.07,68.36,1681704000,3342300.0,2023-04-17 04:00:00
67.82,68.7,67.55,68.51,1681790400,3526700.0,2023-04-18 04:00:00
67.32,67.51,66.92,67.37,1681876800,2458400.0,2023-04-19 04:00:00
66.9,67.63,66.53,66.84,1681963200,2702500.0,2023-04-20 04:00:00
66.78,67.32,66.51,67.32,1682049600,2876500.0,2023-04-21 04:00:00
66.25,67.21,65.7,67.08,1682308800,2933600.0,2023-04-24 04:00:00
63.17,65.93,63.1,65.36,1682395200,5726600.0,2023-04-25 04:00:00
63.4,64.13,63.09,63.27,1682481600,3650200.0,2023-04-26 04:00:00
63.06,64.2,62.33,64.08,1682568000,5012000.0,2023-04-27 04:00:00
63.05,63.08,61.73,62.67,1682654400,5597600.0,2023-04-28 04:00:00
62.81,63.3,61.66,62.3,1682913600,3827300.0,2023-05-01 04:00:00
61.44,62.83,61.01,62.6,1683000000,5430000.0,2023-05-02 04:00:00
60.49,61.7,60.33,61.64,1683086400,6497300.0,2023-05-03 04:00:00
61.18,61.61,60.37,61.29,1683172800,5939300.0,2023-05-04 04:00:00
64.59,65.45,60.5,60.75,1683259200,9353900.0,2023-05-05 04:00:00
66.08,66.48,64.6,65.74,1683518400,5872800.0,2023-05-08 04:00:00
66.4,67.0,66.06,66.46,1683604800,4814400.0,2023-05-09 04:00:00
67.01,67.8,66.54,66.97,1683691200,4056000.0,2023-05-10 04:00:00
67.5,67.76,66.96,67.29,1683777600,4397000.0,2023-05-11 04:00:00
67.77,68.18,66.96,67.68,1683864000,3702900.0,2023-05-12 04:00:00
68.56,68.78,67.46,67.68,1684123200,4580000.0,2023-05-15 04:00:00
68.31,68.97,68.22,68.49,1684209600,3399100.0,2023-05-16 04:00:00
68.43,68.99,67.64,68.4,1684296000,3466300.0,2023-05-17 04:00:00
68.14,68.76,67.75,68.68,1684382400,4576200.0,2023-05-18 04:00:00
69.63,69.68,68.19,68.5,1684468800,4745600.0,2023-05-19 04:00:00
69.52,71.29,69.47,69.75,1684728000,4493100.0,2023-05-22 04:00:00
68.09,69.46,67.46,69.37,1684814400,5495400.0,2023-05-23 04:00:00
66.59,69.46,66.01,68.5,1684900800,9000600.0,2023-05-24 04:00:00
67.17,67.88,64.46,66.89,1684987200,8565600.0,2023-05-25 04:00:00
67.77,68.82,67.3,67.36,1685073600,5343700.0,2023-05-26 04:00:00
68.54,69.1,67.41,68.11,1685419200,4419600.0,2023-05-30 04:00:00
68.33,69.27,67.86,68.34,1685505600,6605100.0,2023-05-31 04:00:00
68.64,69.11,66.93,67.64,1685592000,4694400.0,2023-06-01 04:00:00
68.13,69.37,67.85,68.64,1685678400,4186200.0,2023-06-02 04:00:00
71.27,71.63,67.95,67.98,1685937600,8966800.0,2023-06-05 04:00:00
69.54,71.38,68.84,71.35,1686024000,5113000.0,2023-06-06 04:00:00
67.06,69.93,66.84,69.54,1686110400,5446400.0,2023-06-07 04:00:00
69.0,69.35,67.02,67.07,1686196800,4742700.0,2023-06-08 04:00:00
68.01,69.8,67.01,68.95,1686283200,4212700.0,2023-06-09 04:00:00
69.84,69.98,68.13,68.2,1686542400,5487200.0,2023-06-12 04:00:00
70.49,70.75,69.36,70.5,1686628800,4761600.0,2023-06-13 04:00:00
71.48,71.59,69.7,70.07,1686715200,4875400.0,2023-06-14 04:00:00
73.59,73.85,71.15,71.29,1686801600,5438000.0,2023-06-15 04:00:00
72.78,74.77,72.37,74.46,1686888000,10916000.0,2023-06-16 04:00:00
71.66,72.77,70.92,72.45,1687233600,4286100.0,2023-06-20 04:00:00
71.11,71.84,70.58,71.66,1687320000,7128100.0,2023-06-21 04:00:00
71.86,72.24,70.81,71.11,1687406400,3234000.0,2023-06-22 04:00:00
71.59,71.76,70.15,71.11,1687492800,14856000.0,2023-06-23 04:00:00
71.06,72.72,70.9,71.69,1687752000,3416400.0,2023-06-26 04:00:00
73.66,73.89,71.55,71.64,1687838400,4602500.0,2023-06-27 04:00:00
74.33,74.93,72.95,73.49,1687924800,5834400.0,2023-06-28 04:00:00
75.09,75.3,73.9,74.54,1688011200,6114400.0,2023-06-29 04:00:00
75.59,76.27,75.26,75.55,1688097600,4578400.0,2023-06-30 04:00:00
74.66,75.36,73.65,75.3,1688356800,2253900.0,2023-07-03 04:00:00
74.31,74.71,74.01,74.42,1688529600,3763800.0,2023-07-05 04:00:00
74.65,74.77,72.45,73.84,1688616000,4329100.0,2023-07-06 04:00:00
74.68,75.46,73.99,74.41,1688702400,4011700.0,2023-07-07 04:00:00
77.86,78.66,74.79,74.79,1688961600,8176700.0,2023-07-10 04:00:00
78.32,78.63,77.22,78.61,1689048000,4294700.0,2023-07-11 04:00:00
76.72,79.03,75.51,78.87,1689134400,6147900.0,2023-07-12 04:00:00
78.25,78.29,76.73,77.4,1689220800,4709500.0,2023-07-13 04:00:00
78.92,80.03,78.34,78.55,1689307200,4913700.0,2023-07-14 04:00:00
80.28,80.6,78.58,78.72,1689566400,4185300.0,2023-07-17 04:00:00
80.24,80.44,79.16,79.96,1689652800,4586200.0,2023-07-18 04:00:00
78.69,81.24,78.3,80.45,1689739200,5985000.0,2023-07-19 04:00:00
77.7,79.37,77.53,78.67,1689825600,3623900.0,2023-07-20 04:00:00
78.16,79.14,78.06,78.37,1689912000,12134100.0,2023-07-21 04:00:00
77.27,78.82,76.32,78.69,1690171200,3870200.0,2023-07-24 04:00:00
78.34,78.62,77.41,77.73,1690257600,3679000.0,2023-07-25 04:00:00
77.26,78.75,76.86,77.56,1690344000,3378500.0,2023-07-26 04:00:00
76.58,78.52,76.31,78.39,1690430400,3957700.0,2023-07-27 04:00:00
76.8,77.63,76.15,77.24,1690516800,3544400.0,2023-07-28 04:00:00
77.72,77.75,76.79,77.09,1690776000,3543600.0,2023-07-31 04:00:00
78.03,78.58,76.91,77.64,1690862400,2619600.0,2023-08-01 04:00:00
74.32,77.24,74.01,77.24,1690948800,5674300.0,2023-08-02 04:00:00
75.76,76.0,74.15,74.2,1691035200,6020300.0,2023-08-03 04:00:00
56.77,61.36,56.1,60.42,1691121600,32831500.0,2023-08-04 04:00:00
57.7,58.18,56.86,57.58,1691380800,14402400.0,2023-08-07 04:00:00
58.57,59.12,56.57,56.88,1691467200,16011800.0,2023-08-08 04:00:00
59.78,60.35,58.46,58.84,1691553600,13133500.0,2023-08-09 04:00:00
60.56,62.21,60.07,61.16,1691640000,10993600.0,2023-08-10 04:00:00
59.68,61.21,59.35,60.05,1691726400,7695700.0,2023-08-11 04:00:00
59.66,60.1,59.2,59.69,1691985600,7340000.0,2023-08-14 04:00:00
59.17,60.23,59.01,59.57,1692072000,7210700.0,2023-08-15 04:00:00
58.18,59.59,58.15,59.0,1692158400,3596700.0,2023-08-16 04:00:00
57.41,58.83,57.34,58.6,1692244800,5045600.0,2023-08-17 04:00:00
57.16,57.69,56.84,56.98,1692331200,5390400.0,2023-08-18 04:00:00
58.39,58.72,57.79,58.07,1692590400,6711700.0,2023-08-21 04:00:00
58.32,58.61,57.78,58.32,1692676800,4841800.0,2023-08-22 04:00:00
59.19,59.5,58.14,58.81,1692763200,4689700.0,2023-08-23 04:00:00
58.15,59.83,58.12,59.6,1692849600,4833700.0,2023-08-24 04:00:00
58.81,58.96,57.96,58.2,1692936000,4241100.0,2023-08-25 04:00:00
58.7,59.43,58.2,59.1,1693195200,4840900.0,2023-08-28 04:00:00
60.63,60.93,58.51,58.7,1693281600,5632200.0,2023-08-29 04:00:00
61.22,61.45,60.5,60.57,1693368000,5045800.0,2023-08-30 04:00:00
60.21,61.83,60.17,61.5,1693454400,6428600.0,2023-08-31 04:00:00
60.87,60.96,60.39,60.5,1693540800,4957900.0,2023-09-01 04:00:00
61.91,61.97,60.56,60.92,1693886400,4904800.0,2023-09-05 04:00:00
62.23,62.39,61.72,61.9,1693972800,5225500.0,2023-09-06 04:00:00
63.17,63.33,61.62,61.88,1694059200,5440700.0,2023-09-07 04:00:00
64.07,64.3,63.05,63.05,1694145600,5817300.0,2023-09-08 04:00:00
65.07,65.46,64.52,64.82,1694404800,4575500.0,2023-09-11 04:00:00
63.5,65.68,63.47,64.61,1694491200,5316900.0,2023-09-12 04:00:00
62.62,63.88,62.57,63.27,1694577600,3995900.0,2023-09-13 04:00:00
63.1,63.39,62.66,62.78,1694664000,4289100.0,2023-09-14 04:00:00
61.02,62.67,60.68,62.5,1694750400,10314000.0,2023-09-15 04:00:00
60.45,61.28,60.33,60.83,1695009600,3429300.0,2023-09-18 04:00:00
60.44,60.51,58.45,59.95,1695096000,4220100.0,2023-09-19 04:00:00
60.15,61.39,60.14,60.68,1695182400,3451900.0,2023-09-20 04:00:00
58.78,60.15,58.67,59.66,1695268800,4388800.0,2023-09-21 04:00:00
58.24,59.09,58.11,58.75,1695355200,3458500.0,2023-09-22 04:00:00
58.11,58.15,57.63,57.84,1695614400,3811300.0,2023-09-25 04:00:00
57.43,58.04,57.19,57.84,1695700800,4347400.0,2023-09-26 04:00:00
58.14,58.34,57.5,57.94,1695787200,3285600.0,2023-09-27 04:00:00
58.6,59.24,57.71,58.18,1695873600,3545900.0,2023-09-28 04:00:00
58.68,59.67,58.35,59.64,1695960000,4665100.0,2023-09-29 04:00:00
58.63,59.57,58.34,58.79,1696219200,4098800.0,2023-10-02 04:00:00
57.61,58.37,57.08,58.03,1696305600,6914100.0,2023-10-03 04:00:00
58.26,58.75,57.47,57.97,1696392000,4875600.0,2023-10-04 04:00:00
58.02,58.31,56.64,58.11,1696478400,7429100.0,2023-10-05 04:00:00
59.93,60.21,57.5,57.62,1696564800,4752600.0,2023-10-06 04:00:00
59.51,60.6,58.45,59.72,1696824000,4918300.0,2023-10-09 04:00:00
59.4,60.35,59.34,59.6,1696910400,5051000.0,2023-10-10 04:00:00
58.97,59.47,57.0,59.43,1696996800,9492400.0,2023-10-11 04:00:00
58.0,59.1,57.76,58.85,1697083200,8388300.0,2023-10-12 04:00:00
57.76,58.05,56.07,56.61,1697169600,11560900.0,2023-10-13 04:00:00
59.14,59.75,57.84,58.56,1697428800,5498600.0,2023-10-16 04:00:00
58.65,59.37,57.71,58.42,1697515200,4774700.0,2023-10-17 04:00:00
57.67,58.5,57.59,57.88,1697601600,4671300.0,2023-10-18 04:00:00
57.77,58.45,57.46,57.63,1697688000,7383300.0,2023-10-19 04:00:00
56.36,57.94,55.92,57.91,1697774400,6500800.0,2023-10-20 04:00:00
56.1,56.57,55.52,56.01,1698033600,4085000.0,2023-10-23 04:00:00
57.54,57.7,56.14,56.28,1698120000,4714800.0,2023-10-24 04:00:00
55.94,57.45,55.9,57.08,1698206400,4252300.0,2023-10-25 04:00:00
55.72,56.42,55.46,56.0,1698292800,5490500.0,2023-10-26 04:00:00
56.26,56.57,55.58,55.79,1698379200,5317800.0,2023-10-27 04:00:00
56.32,56.82,55.94,56.51,1698638400,5594200.0,2023-10-30 04:00:00
57.17,57.4,56.08,56.49,1698724800,4076500.0,2023-10-31 04:00:00
57.31,57.68,56.21,57.43,1698811200,5825500.0,2023-11-01 04:00:00
57.59,58.19,57.15,57.34,1698897600,9607500.0,2023-11-02 04:00:00
50.48,50.57,44.12,44.5,1698984000,38074400.0,2023-11-03 04:00:00
50.1,50.8,48.29,50.09,1699246800,16649700.0,2023-11-06 05:00:00
49.52,50.34,47.66,50.17,1699333200,14908300.0,2023-11-07 05:00:00
50.24,51.34,49.44,49.82,1699419600,13597000.0,2023-11-08 05:00:00
49.67,50.96,49.63,50.51,1699506000,9651300.0,2023-11-09 05:00:00
50.82,50.83,49.9,50.0,1699592400,6708900.0,2023-11-10 05:00:00
50.3,50.73,49.7,50.44,1699851600,6038900.0,2023-11-13 05:00:00
51.32,51.98,50.91,51.01,1699938000,6778100.0,2023-11-14 05:00:00
51.06,51.81,50.71,51.43,1700024400,6946400.0,2023-11-15 05:00:00
50.42,51.24,49.97,50.71,1700110800,8052100.0,2023-11-16 05:00:00
51.26,51.32,50.32,50.59,1700197200,5021300.0,2023-11-17 05:00:00
51.91,52.08,51.27,51.59,1700456400,4915200.0,2023-11-20 05:00:00
52.58,52.77,51.55,51.77,1700542800,5441900.0,2023-11-21 05:00:00
52.97,53.71,52.76,52.9,1700629200,5586800.0,2023-11-22 05:00:00
53.43,53.69,52.82,52.97,1700802000,2847400.0,2023-11-24 05:00:00
53.74,53.95,53.21,53.32,1701061200,7096000.0,2023-11-27 05:00:00
52.79,53.93,52.69,53.25,1701147600,5731200.0,2023-11-28 05:00:00
53.6,53.93,52.84,53.48,1701234000,7385000.0,2023-11-29 05:00:00
52.56,54.89,52.43,53.88,1701320400,16805100.0,2023-11-30 05:00:00
52.49,52.7,51.69,52.05,1701406800,7175500.0,2023-12-01 05:00:00
52.25,52.67,51.86,51.98,1701666000,4726200.0,2023-12-04 05:00:00
52.52,52.97,51.83,52.07,1701752400,4242000.0,2023-12-05 05:00:00
51.83,52.99,51.79,52.84,1701838800,4055800.0,2023-12-06 05:00:00
51.32,51.91,50.65,51.91,1701925200,6341100.0,2023-12-07 05:00:00
52.16,52.36,50.97,51.14,1702011600,4620400.0,2023-12-08 05:00:00
53.64,53.75,52.2,52.39,1702270800,5135300.0,2023-12-11 05:00:00
55.04,55.64,53.4,53.84,1702357200,7815400.0,2023-12-12 05:00:00
55.35,55.53,54.67,55.1,1702443600,5551300.0,2023-12-13 05:00:00
57.05,57.47,55.72,55.8,1702530000,9119700.0,2023-12-14 05:00:00
57.83,58.01,56.38,57.05,1702616400,16924000.0,2023-12-15 05:00:00
56.11,57.81,56.08,57.71,1702875600,11621300.0,2023-12-18 05:00:00
57.76,57.81,55.8,56.3,1702962000,6341800.0,2023-12-19 05:00:00
57.45,58.64,56.94,57.66,1703048400,6049700.0,2023-12-20 05:00:00
58.51,58.66,57.54,57.77,1703134800,4444300.0,2023-12-21 05:00:00
59.27,59.53,58.56,58.84,1703221200,5057400.0,2023-12-22 05:00:00
59.8,59.87,59.13,59.46,1703566800,3134400.0,2023-12-26 05:00:00
59.34,59.83,59.02,59.66,1703653200,2878100.0,2023-12-27 05:00:00
59.4,59.58,59.06,59.5,1703739600,2900100.0,2023-12-28 05:00:00
58.53,59.39,58.27,59.3,1703826000,2880600.0,2023-12-29 05:00:00
57.78,58.77,57.35,58.1,1704171600,6012300.0,2024-01-02 05:00:00
57.85,58.22,56.94,57.28,1704258000,5329500.0,2024-01-03 05:00:00
58.39,58.73,57.78,58.0,1704344400,5365400.0,2024-01-04 05:00:00
58.34,58.93,58.08,58.26,1704430800,4914200.0,2024-01-05 05:00:00
61.26,61.3,58.45,58.55,1704690000,6054500.0,2024-01-08 05:00:00
59.4,61.2,59.31,60.31,1704776400,9085900.0,2024-01-09 05:00:00
61.37,61.6,59.13,59.38,1704862800,6296100.0,2024-01-10 05:00:00
62.25,62.33,60.96,62.0,1704949200,5072200.0,2024-01-11 05:00:00
62.44,63.04,61.76,62.63,1705035600,4794000.0,2024-01-12 05:00:00
62.0,62.39,61.01,61.09,1705381200,6578200.0,2024-01-16 05:00:00
60.62,61.62,59.73,61.2,1705467600,5407700.0,2024-01-17 05:00:00
61.41,61.49,60.29,61.0,1705554000,4429100.0,2024-01-18 05:00:00
60.9,62.1,60.08,61.55,1705640400,9170500.0,2024-01-19 05:00:00
62.66,62.8,61.4,61.88,1705899600,8398000.0,2024-01-22 05:00:00
64.41,64.78,63.77,64.26,1705986000,8220600.0,2024-01-23 05:00:00
66.11,66.72,64.77,65.06,1706072400,7735400.0,2024-01-24 05:00:00
65.55,67.36,65.02,67.27,1706158800,6800400.0,2024-01-25 05:00:00
66.12,66.77,65.35,65.46,1706245200,6691500.0,2024-01-26 05:00:00
66.45,66.64,65.66,65.81,1706504400,4443400.0,2024-01-29 05:00:00
66.71,66.92,65.8,66.19,1706590800,5830000.0,2024-01-30 05:00:00
64.49,65.28,63.59,64.87,1706677200,9668100.0,2024-01-31 05:00:00
66.45,66.69,64.59,64.71,1706763600,9622500.0,2024-02-01 05:00:00
66.44,66.99,65.9,66.34,1706850000,8320000.0,2024-02-02 05:00:00
66.09,66.44,64.86,66.41,1707109200,9137500.0,2024-02-05 05:00:00
67.48,67.56,65.89,66.5,1707195600,13315800.0,2024-02-06 05:00:00
70.03,73.91,67.22,73.83,1707282000,25551100.0,2024-02-07 05:00:00
67.85,70.64,67.76,69.79,1707368400,8370900.0,2024-02-08 05:00:00
70.44,70.86,68.2,68.25,1707454800,7522400.0,2024-02-09 05:00:00
70.26,71.09,70.13,70.66,1707714000,4790800.0,2024-02-12 05:00:00
69.4,69.56,68.25,68.52,1707800400,5427300.0,2024-02-13 05:00:00
70.88,70.94,69.93,70.08,1707886800,3703400.0,2024-02-14 05:00:00
70.26,71.49,70.04,71.45,1707973200,3186000.0,2024-02-15 05:00:00
68.48,70.08,67.9,70.08,1708059600,4528400.0,2024-02-16 05:00:00
67.91,68.36,66.76,68.16,1708405200,3271400.0,2024-02-20 05:00:00
65.34,65.52,61.0,62.03,1708491600,12815400.0,2024-02-21 05:00:00
66.96,67.23,65.77,66.95,1708578000,7627600.0,2024-02-22 05:00:00
67.64,67.89,67.19,67.5,1708664400,3772600.0,2024-02-23 05:00:00
68.4,69.48,67.77,68.0,1708923600,5205000.0,2024-02-26 05:00:00
69.95,70.28,68.87,69.32,1709010000,4991500.0,2024-02-27 05:00:00
69.51,70.05,68.78,69.95,1709096400,2744800.0,2024-02-28 05:00:00
69.11,70.15,68.15,70.05,1709182800,5782100.0,2024-02-29 05:00:00
70.44,70.49,68.57,69.09,1709269200,4840800.0,2024-03-01 05:00:00
71.39,71.69,70.5,70.69,1709528400,4277700.0,2024-03-04 05:00:00
69.04,71.07,67.31,71.07,1709614800,6840700.0,2024-03-05 05:00:00
71.32,71.73,69.11,70.97,1709701200,7401200.0,2024-03-06 05:00:00
73.07,73.33,71.19,71.95,1709787600,6314300.0,2024-03-07 05:00:00
71.35,73.5,71.09,73.26,1709874000,5278900.0,2024-03-08 05:00:00
71.46,71.8,69.91,70.93,1710129600,3139300.0,2024-03-11 04:00:00
71.34,71.95,70.74,71.68,1710216000,3858500.0,2024-03-12 04:00:00
70.18,71.59,70.0,71.59,1710302400,4078200.0,2024-03-13 04:00:00
68.04,69.75,67.62,69.29,1710388800,6500100.0,2024-03-14 04:00:00
66.72,67.97,66.51,67.72,1710475200,10118000.0,2024-03-15 04:00:00
67.55,68.18,66.81,66.99,1710734400,3909000.0,2024-03-18 04:00:00
67.79,67.88,66.45,67.13,1710820800,3059400.0,2024-03-19 04:00:00
67.87,68.06,67.02,67.79,1710907200,4230300.0,2024-03-20 04:00:00
68.57,68.72,67.75,68.58,1710993600,3716300.0,2024-03-21 04:00:00
68.3,68.93,67.53,68.92,1711080000,2832800.0,2024-03-22 04:00:00
67.89,68.41,67.61,67.85,1711339200,3296100.0,2024-03-25 04:00:00
67.45,68.17,67.04,67.96,1711425600,3312400.0,2024-03-26 04:00:00
67.27,68.32,66.19,68.29,1711512000,3535000.0,2024-03-27 04:00:00
68.31,68.6,67.0,67.21,1711598400,3922200.0,2024-03-28 04:00:00
67.82,68.73,66.73,68.73,1711944000,3003400.0,2024-04-01 04:00:00
68.85,68.93,66.6,66.97,1712030400,4711600.0,2024-04-02 04:00:00
71.32,72.02,68.58,68.61,1712116800,7868900.0,2024-04-03 04:00:00
69.23,73.63,69.21,72.03,1712203200,6959700.0,2024-04-04 04:00:00
70.91,71.83,69.34,69.75,1712289600,7475400.0,2024-04-05 04:00:00
68.39,70.24,68.23,70.04,1712548800,5099900.0,2024-04-08 04:00:00
68.22,69.14,67.8,69.14,1712635200,2799300.0,2024-04-09 04:00:00
68.13,68.5,67.08,67.08,1712721600,3641300.0,2024-04-10 04:00:00
68.22,68.86,67.44,68.61,1712808000,2917900.0,2024-04-11 04:00:00
66.45,67.72,65.93,67.47,1712894400,5134700.0,2024-04-12 04:00:00
64.73,67.19,64.58,67.08,1713153600,4911100.0,2024-04-15 04:00:00
64.48,65.57,64.26,64.62,1713240000,3015000.0,2024-04-16 04:00:00
64.66,65.55,64.5,64.89,1713326400,3278400.0,2024-04-17 04:00:00
64.03,65.01,63.53,64.77,1713412800,3087300.0,2024-04-18 04:00:00
63.4,64.41,62.92,63.79,1713499200,4836100.0,2024-04-19 04:00:00
63.69,64.23,62.61,63.97,1713758400,3629200.0,2024-04-22 04:00:00
64.8,65.1,63.98,64.08,1713844800,3544100.0,2024-04-23 04:00:00
65.45,65.8,64.59,64.89,1713931200,3817100.0,2024-04-24 04:00:00
64.03,64.69,62.87,64.61,1714017600,3670800.0,2024-04-25 04:00:00
64.18,65.15,63.9,64.42,1714104000,4138200.0,2024-04-26 04:00:00
64.3,65.14,63.7,64.35,1714363200,3824400.0,2024-04-29 04:00:00
63.18,64.44,63.16,63.79,1714449600,5324400.0,2024-04-30 04:00:00
63.53,64.87,63.14,63.51,1714536000,4337000.0,2024-05-01 04:00:00
65.2,65.26,63.01,63.15,1714622400,8288900.0,2024-05-02 04:00:00
58.88,62.49,58.79,61.86,1714708800,15896600.0,2024-05-03 04:00:00
58.81,60.35,58.43,59.25,1714968000,14472600.0,2024-05-06 04:00:00
59.43,60.4,58.41,59.0,1715054400,18440300.0,2024-05-07 04:00:00
59.63,59.8,57.84,59.42,1715140800,10886900.0,2024-05-08 04:00:00
58.11,59.75,58.01,59.4,1715227200,6929800.0,2024-05-09 04:00:00
58.16,59.4,58.07,58.25,1715313600,3934500.0,2024-05-10 04:00:00
59.63,59.92,58.4,58.56,1715572800,5492000.0,2024-05-13 04:00:00
60.2,60.5,59.23,59.8,1715659200,4269800.0,2024-05-14 04:00:00
60.73,61.28,60.61,60.82,1715745600,3551800.0,2024-05-15 04:00:00
61.24,61.35,59.58,60.61,1715832000,4443100.0,2024-05-16 04:00:00
61.43,61.86,60.78,61.04,1715918400,2799700.0,2024-05-17 04:00:00
62.34,62.41,60.86,61.17,1716177600,2842400.0,2024-05-20 04:00:00
61.31,61.8,59.85,61.74,1716264000,5127600.0,2024-05-21 04:00:00
61.57,61.69,60.75,61.43,1716350400,3048400.0,2024-05-22 04:00:00
60.93,62.08,60.65,61.97,1716436800,3714100.0,2024-05-23 04:00:00
61.35,61.76,60.68,61.11,1716523200,2654000.0,2024-05-24 04:00:00
59.45,61.08,59.28,61.0,1716868800,4875300.0,2024-05-28 04:00:00
59.73,60.3,58.7,58.93,1716955200,4598000.0,2024-05-29 04:00:00
58.0,59.23,57.86,59.12,1717041600,5437000.0,2024-05-30 04:00:00
59.32,59.41,57.71,58.87,1717128000,16363000.0,2024-05-31 04:00:00
58.8,59.61,58.18,59.61,1717387200,3565500.0,2024-06-03 04:00:00
58.64,59.48,58.61,58.66,1717473600,3688000.0,2024-06-04 04:00:00
59.71,60.14,58.45,59.39,1717560000,3614700.0,2024-06-05 04:00:00
59.75,60.06,59.21,59.84,1717646400,3060300.0,2024-06-06 04:00:00
59.72,59.99,59.01,59.38,1717732800,2613200.0,2024-06-07 04:00:00
60.09,60.25,58.94,59.11,1717992000,3462500.0,2024-06-10 04:00:00
59.74,60.09,58.16,60.0,1718078400,5133400.0,2024-06-11 04:00:00
60.62,60.75,59.05,59.69,1718164800,5706000.0,2024-06-12 04:00:00
60.23,60.69,59.65,60.51,1718251200,3574800.0,2024-06-13 04:00:00
60.78,60.89,60.13,60.45,1718337600,3212900.0,2024-06-14 04:00:00
60.9,61.48,60.18,60.64,1718596800,4979300.0,2024-06-17 04:00:00
59.15,61.25,59.0,60.88,1718683200,5501800.0,2024-06-18 04:00:00
57.94,58.76,57.17,58.6,1718856000,10407500.0,2024-06-20 04:00:00
58.56,58.65,57.77,58.28,1718942400,16729000.0,2024-06-21 04:00:00
58.28,59.18,58.26,58.4,1719201600,4147900.0,2024-06-24 04:00:00
58.69,59.08,57.9,58.44,1719288000,5203700.0,2024-06-25 04:00:00
58.11,58.43,57.0,58.17,1719374400,6374200.0,2024-06-26 04:00:00
60.04,60.18,57.93,58.31,1719460800,5019500.0,2024-06-27 04:00:00
60.27,60.84,59.79,60.03,1719547200,7987400.0,2024-06-28 04:00:00
59.85,60.43,59.58,60.43,1719806400,4884500.0,2024-07-01 04:00:00
61.01,61.04,59.66,59.66,1719892800,4604900.0,2024-07-02 04:00:00
60.73,61.48,60.66,61.14,1719979200,3039800.0,2024-07-03 04:00:00
61.09,61.38,60.37,60.62,1720152000,3120600.0,2024-07-05 04:00:00
60.11,61.05,59.52,60.98,1720411200,4845400.0,2024-07-08 04:00:00
60.28,60.78,59.32,60.26,1720497600,3563500.0,2024-07-09 04:00:00
59.59,60.55,58.98,60.5,1720584000,3905200.0,2024-07-10 04:00:00
58.79,59.92,58.78,59.63,1720670400,4377700.0,2024-07-11 04:00:00
59.55,59.9,58.77,58.93,1720756800,4398900.0,2024-07-12 04:00:00
59.9,60.72,59.26,59.74,1721016000,3879500.0,2024-07-15 04:00:00
59.48,60.27,59.41,60.15,1721102400,4158800.0,2024-07-16 04:00:00
59.11,59.59,57.97,58.49,1721188800,7022600.0,2024-07-17 04:00:00
58.13,60.51,58.07,60.48,1721275200,5599000.0,2024-07-18 04:00:00
58.48,58.78,57.58,58.12,1721361600,8563200.0,2024-07-19 04:00:00
58.45,59.0,58.04,59.0,1721620800,4386500.0,2024-07-22 04:00:00
57.94,58.95,57.68,58.34,1721707200,5989400.0,2024-07-23 04:00:00
56.64,58.7,56.52,57.83,1721793600,5379100.0,2024-07-24 04:00:00
57.31,58.62,56.81,57.13,1721880000,5262400.0,2024-07-25 04:00:00
57.0,57.81,56.84,57.66,1721966400,4245000.0,2024-07-26 04:00:00
57.39,58.06,56.42,57.0,1722225600,4001700.0,2024-07-29 04:00:00
57.5,58.45,56.93,57.49,1722312000,4116100.0,2024-07-30 04:00:00
58.04,59.07,57.94,58.3,1722398400,4676300.0,2024-07-31 04:00:00
57.2,58.3,56.47,58.03,1722484800,4542900.0,2024-08-01 04:00:00
56.51,56.75,55.52,56.62,1722571200,5940800.0,2024-08-02 04:00:00
55.39,56.36,54.57,54.91,1722830400,7664700.0,2024-08-05 04:00:00
55.81,56.86,55.19,56.0,1722916800,9433800.0,2024-08-06 04:00:00
69.93,71.82,65.0,65.68,1723003200,23535600.0,2024-08-07 04:00:00
68.68,70.99,68.39,69.72,1723089600,10955100.0,2024-08-08 04:00:00
69.69,69.98,67.97,68.99,1723176000,6988600.0,2024-08-09 04:00:00
70.36,71.54,69.4,69.8,1723435200,6173300.0,2024-08-12 04:00:00
71.5,71.59,69.65,70.32,1723521600,5524300.0,2024-08-13 04:00:00
72.79,73.67,71.44,71.61,1723608000,6099300.0,2024-08-14 04:00:00
73.4,73.83,72.53,73.28,1723694400,4589800.0,2024-08-15 04:00:00
74.72,74.9,72.9,73.25,1723780800,4798600.0,2024-08-16 04:00:00
74.77,75.19,74.36,74.69,1724040000,5248300.0,2024-08-19 04:00:00
75.57,76.31,74.77,75.0,1724126400,5733200.0,2024-08-20 04:00:00
75.42,75.8,74.64,75.3,1724212800,3065800.0,2024-08-21 04:00:00
74.49,75.81,74.39,75.6,1724299200,5006800.0,2024-08-22 04:00:00
74.73,75.1,73.75,74.88,1724385600,3182500.0,2024-08-23 04:00:00
75.18,75.4,74.8,74.98,1724644800,2751200.0,2024-08-26 04:00:00
75.97,75.99,74.61,74.85,1724731200,2471100.0,2024-08-27 04:00:00
75.61,76.28,75.19,76.0,1724817600,2635300.0,2024-08-28 04:00:00
76.27,77.18,75.54,76.0,1724904000,3054500.0,2024-08-29 04:00:00
76.71,76.91,76.08,76.31,1724990400,3585700.0,2024-08-30 04:00:00
77.13,78.08,76.08,76.62,1725336000,5807900.0,2024-09-03 04:00:00
76.87,77.18,75.71,76.55,1725422400,4181600.0,2024-09-04 04:00:00
75.8,76.67,75.25,76.44,1725508800,4469100.0,2024-09-05 04:00:00
75.16,76.42,74.6,76.02,1725595200,5364400.0,2024-09-06 04:00:00
75.1,75.92,74.92,75.27,1725854400,4088900.0,2024-09-09 04:00:00
76.07,76.13,75.02,75.43,1725940800,3853900.0,2024-09-10 04:00:00
76.64,76.84,74.71,75.78,1726027200,4102300.0,2024-09-11 04:00:00
74.49,76.89,73.29,76.85,1726113600,8617100.0,2024-09-12 04:00:00
75.01,75.6,74.13,74.67,1726200000,4637500.0,2024-09-13 04:00:00
76.34,76.65,74.8,74.87,1726459200,4401900.0,2024-09-16 04:00:00
75.61,76.47,75.38,76.1,1726545600,2677900.0,2024-09-17 04:00:00
74.68,75.84,74.54,75.81,1726632000,2876400.0,2024-09-18 04:00:00
75.66,76.2,74.85,76.08,1726718400,3947400.0,2024-09-19 04:00:00
76.78,76.86,75.52,75.52,1726804800,12542800.0,2024-09-20 04:00:00
77.44,77.82,76.97,77.2,1727064000,3252200.0,2024-09-23 04:00:00
77.46,78.18,77.13,77.37,1727150400,2943100.0,2024-09-24 04:00:00
76.61,77.83,75.94,77.42,1727236800,4286300.0,2024-09-25 04:00:00
77.21,77.74,76.07,77.14,1727323200,5170100.0,2024-09-26 04:00:00
77.45,77.78,76.43,77.2,1727409600,2987900.0,2024-09-27 04:00:00
77.55,78.08,76.71,77.65,1727668800,3453100.0,2024-09-30 04:00:00
76.49,78.5,76.18,78.21,1727755200,3966200.0,2024-10-01 04:00:00
77.59,77.83,76.0,76.49,1727841600,3000100.0,2024-10-02 04:00:00
76.98,77.61,76.78,77.3,1727928000,3717000.0,2024-10-03 04:00:00
78.01,78.2,76.82,77.69,1728014400,3144100.0,2024-10-04 04:00:00
77.48,79.08,77.34,78.02,1728273600,4213000.0,2024-10-07 04:00:00
77.78,78.04,76.82,77.81,1728360000,3879100.0,2024-10-08 04:00:00
80.33,80.37,78.0,78.07,1728446400,4709400.0,2024-10-09 04:00:00
82.48,82.5,79.66,79.66,1728532800,5288300.0,2024-10-10 04:00:00
82.87,83.04,81.92,82.44,1728619200,2966200.0,2024-10-11 04:00:00
82.83,83.77,81.93,83.45,1728878400,2777100.0,2024-10-14 04:00:00
82.64,82.99,82.18,82.66,1728964800,5379000.0,2024-10-15 04:00:00
82.12,82.61,81.4,82.61,1729051200,2696400.0,2024-10-16 04:00:00
80.86,81.72,79.56,80.02,1729137600,4093100.0,2024-10-17 04:00:00
81.07,81.29,80.24,80.51,1729224000,2955900.0,2024-10-18 04:00:00
82.05,83.22,81.77,82.66,1729483200,3798900.0,2024-10-21 04:00:00
82.44,82.97,81.2,81.38,1729569600,3046800.0,2024-10-22 04:00:00
80.37,82.89,80.24,82.03,1729656000,4067900.0,2024-10-23 04:00:00
80.62,81.34,80.36,80.65,1729742400,2828600.0,2024-10-24 04:00:00
80.34,81.8,80.22,80.79,1729828800,3111700.0,2024-10-25 04:00:00
80.76,81.48,80.47,81.16,1730088000,2492200.0,2024-10-28 04:00:00
79.37,80.39,78.51,79.77,1730174400,3806000.0,2024-10-29 04:00:00
78.74,79.92,78.59,79.25,1730260800,2595500.0,2024-10-30 04:00:00
78.66,79.51,78.15,78.99,1730347200,4584900.0,2024-10-31 04:00:00
78.8,79.42,77.82,78.18,1730433600,4055400.0,2024-11-01 04:00:00
78.84,79.37,77.8,78.63,1730696400,3488000.0,2024-11-04 05:00:00
77.92,79.45,77.72,79.35,1730782800,4408000.0,2024-11-05 05:00:00
80.87,81.08,79.78,80.21,1730869200,5711300.0,2024-11-06 05:00:00
83.68,83.83,81.5,82.45,1730955600,6375000.0,2024-11-07 05:00:00
92.04,92.53,84.26,84.5,1731042000,13790400.0,2024-11-08 05:00:00
97.18,97.35,92.3,92.42,1731301200,8393300.0,2024-11-11 05:00:00
99.15,99.51,96.91,97.16,1731387600,7146000.0,2024-11-12 05:00:00
97.88,100.59,97.6,98.05,1731474000,6571800.0,2024-11-13 05:00:00
94.46,97.06,94.11,96.54,1731560400,7275800.0,2024-11-14 05:00:00
94.2,96.38,92.73,94.8,1731646800,5915600.0,2024-11-15 05:00:00
91.88,96.74,90.96,94.57,1731906000,8702100.0,2024-11-18 05:00:00
90.79,91.78,89.67,90.59,1731992400,5706900.0,2024-11-19 05:00:00
92.45,92.49,90.61,91.3,1732078800,5026800.0,2024-11-20 05:00:00
94.02,94.35,92.52,93.0,1732165200,4379700.0,2024-11-21 05:00:00
92.77,94.5,92.33,94.32,1732251600,4060500.0,2024-11-22 05:00:00
93.12,94.9,92.68,93.11,1732510800,8804500.0,2024-11-25 05:00:00
96.44,96.7,93.97,93.97,1732597200,4729300.0,2024-11-26 05:00:00
94.06,96.79,93.86,96.68,1732683600,3834700.0,2024-11-27 05:00:00
95.05,95.47,94.11,94.33,1732856400,2124100.0,2024-11-29 05:00:00
95.32,97.18,94.93,95.36,1733115600,4379500.0,2024-12-02 05:00:00
95.29,95.79,93.38,95.0,1733202000,3716700.0,2024-12-03 05:00:00
98.19,98.5,96.05,96.99,1733288400,4979200.0,2024-12-04 05:00:00
98.46,99.74,97.7,98.31,1733374800,3940700.0,2024-12-05 05:00:00
99.21,99.71,98.1,98.52,1733461200,3219900.0,2024-12-06 05:00:00
97.04,100.4,96.2,99.71,1733720400,4260800.0,2024-12-09 05:00:00
97.13,98.37,96.06,96.52,1733806800,3915600.0,2024-12-10 05:00:00
98.04,98.68,97.03,98.0,1733893200,3417400.0,2024-12-11 05:00:00
98.6,98.9,97.25,98.04,1733979600,2859800.0,2024-12-12 05:00:00
97.95,99.19,96.86,98.29,1734066000,3165900.0,2024-12-13 05:00:00
98.16,98.5,97.03,98.21,1734325200,3822400.0,2024-12-16 05:00:00
97.62,99.37,97.01,98.16,1734411600,4009800.0,2024-12-17 05:00:00
93.36,98.57,92.83,98.05,1734498000,5751000.0,2024-12-18 05:00:00
94.85,96.87,94.23,95.94,1734584400,4582600.0,2024-12-19 05:00:00
97.19,97.83,93.36,93.72,1734670800,13324400.0,2024-12-20 05:00:00
96.42,97.07,95.34,96.93,1734930000,3107900.0,2024-12-23 05:00:00
97.81,97.83,96.32,96.65,1735016400,1764900.0,2024-12-24 05:00:00
97.29,97.6,96.73,97.16,1735189200,1661500.0,2024-12-26 05:00:00
96.08,96.51,94.8,96.51,1735275600,2774700.0,2024-12-27 05:00:00
95.13,95.73,94.0,94.88,1735534800,2127900.0,2024-12-30 05:00:00
94.48,96.0,93.87,95.79,1735621200,2183900.0,2024-12-31 05:00:00
94.75,96.17,93.21,95.36,1735794000,2850700.0,2025-01-02 05:00:00
97.47,98.38,95.37,95.73,1735880400,4270700.0,2025-01-03 05:00:00
97.94,101.0,97.12,100.88,1736139600,4193200.0,2025-01-06 05:00:00
95.93,98.0,94.4,97.69,1736226000,4006900.0,2025-01-07 05:00:00
96.04,96.27,93.33,95.2,1736312400,4756100.0,2025-01-08 05:00:00
94.56,95.67,94.15,95.44,1736485200,4019400.0,2025-01-10 05:00:00
93.83,94.35,92.64,93.97,1736744400,4148800.0,2025-01-13 05:00:00
92.49,93.33,90.8,92.57,1736830800,5432800.0,2025-01-14 05:00:00
93.06,94.16,92.76,93.88,1736917200,4846800.0,2025-01-15 05:00:00
94.05,94.85,93.41,93.92,1737003600,2907900.0,2025-01-16 05:00:00
94.23,96.09,93.88,96.09,1737090000,4917000.0,2025-01-17 05:00:00
97.2,97.28,94.82,95.65,1737435600,3850100.0,2025-01-21 05:00:00
98.24,98.34,96.59,98.0,1737522000,3542100.0,2025-01-22 05:00:00
97.45,98.07,95.94,97.65,1737608400,3704700.0,2025-01-23 05:00:00
96.9,97.57,96.11,97.57,1737694800,4139600.0,2025-01-24 05:00:00
96.77,98.33,94.1,94.91,1737954000,4245500.0,2025-01-27 05:00:00
99.83,100.38,95.55,96.53,1738040400,4380100.0,2025-01-28 05:00:00
99.33,100.21,98.2,99.92,1738126800,3124500.0,2025-01-29 05:00:00
100.93,102.17,100.02,100.41,1738213200,4168500.0,2025-01-30 05:00:00
100.88,102.87,100.47,101.14,1738299600,4089800.0,2025-01-31 05:00:00
100.9,101.41,98.12,98.87,1738558800,4943900.0,2025-02-03 05:00:00
102.78,102.83,100.7,101.0,1738645200,3900000.0,2025-02-04 05:00:00
105.07,105.12,101.85,103.15,1738731600,4160000.0,2025-02-05 05:00:00
104.72,105.82,103.96,105.4,1738818000,6937700.0,2025-02-06 05:00:00
107.66,110.53,102.37,109.49,1738904400,11183600.0,2025-02-07 05:00:00
109.55,110.99,107.45,108.65,1739163600,5111300.0,2025-02-10 05:00:00
108.33,110.33,107.81,109.5,1739250000,4430100.0,2025-02-11 05:00:00
107.7,107.8,104.27,107.03,1739336400,4412300.0,2025-02-12 05:00:00
109.98,110.03,107.61,108.99,1739422800,3601400.0,2025-02-13 05:00:00
111.64,112.37,108.72,110.27,1739509200,4981100.0,2025-02-14 05:00:00
114.26,114.82,112.46,112.7,1739854800,6666600.0,2025-02-18 05:00:00
114.57,114.63,111.88,114.11,1739941200,4912100.0,2025-02-19 05:00:00
114.21,114.53,110.83,113.8,1740027600,6895600.0,2025-02-20 05:00:00
110.02,114.57,109.93,113.96,1740114000,5172100.0,2025-02-21 05:00:00
108.69,110.02,107.33,109.32,1740373200,5413900.0,2025-02-24 05:00:00
108.06,108.57,105.78,108.08,1740459600,4429600.0,2025-02-25 05:00:00
109.02,110.29,107.83,108.46,1740546000,3799700.0,2025-02-26 05:00:00
107.09,111.31,107.0,109.98,1740632400,4305500.0,2025-02-27 05:00:00
108.01,108.26,105.9,106.98,1740718800,5126300.0,2025-02-28 05:00:00
106.54,110.67,106.04,108.82,1740978000,5292000.0,2025-03-03 05:00:00
106.48,107.71,103.93,106.81,1741064400,5443000.0,2025-03-04 05:00:00
106.8,107.5,103.72,105.38,1741150800,4953800.0,2025-03-05 05:00:00
101.72,106.68,101.5,105.65,1741237200,4443100.0,2025-03-06 05:00:00
101.28,102.35,98.05,102.0,1741323600,5560900.0,2025-03-07 05:00:00
96.04,99.54,95.72,99.32,1741579200,5573600.0,2025-03-10 04:00:00
98.28,99.94,95.5,96.49,1741665600,6312000.0,2025-03-11 04:00:00
97.93,100.85,97.61,99.53,1741752000,4301600.0,2025-03-12 04:00:00
93.42,97.5,93.27,97.4,1741838400,4261600.0,2025-03-13 04:00:00
96.25,96.69,94.0,94.64,1741924800,3973000.0,2025-03-14 04:00:00
96.67,97.49,95.58,95.74,1742184000,4146300.0,2025-03-17 04:00:00
96.91,97.29,94.81,96.08,1742270400,3481400.0,2025-03-18 04:00:00
98.17,99.18,97.06,97.33,1742356800,4320800.0,2025-03-19 04:00:00
98.45,99.59,97.11,97.14,1742443200,4249100.0,2025-03-20 04:00:00
98.65,98.73,95.94,97.32,1742529600,5778500.0,2025-03-21 04:00:00
99.79,100.29,98.81,100.0,1742788800,4047000.0,2025-03-24 04:00:00
102.09,102.22,99.55,99.72,1742875200,3423600.0,2025-03-25 04:00:00
101.01,102.34,100.42,101.62,1742961600,2997300.0,2025-03-26 04:00:00
99.54,100.97,98.99,100.26,1743048000,3358300.0,2025-03-27 04:00:00
96.6,99.48,95.37,99.07,1743134400,4501200.0,2025-03-28 04:00:00
96.26,96.97,93.26,94.46,1743393600,6285500.0,2025-03-31 04:00:00
96.67,96.83,94.54,95.22,1743480000,4109000.0,2025-04-01 04:00:00
98.08,98.4,95.0,95.08,1743566400,3438300.0,2025-04-02 04:00:00
89.44,93.48,89.33,92.76,1743652800,8699100.0,2025-04-03 04:00:00
84.71,87.79,84.28,86.51,1743739200,11174900.0,2025-04-04 04:00:00
88.0,91.38,81.7,82.32,1743998400,11000400.0,2025-04-07 04:00:00
88.15,91.92,86.82,91.66,1744084800,9188600.0,2025-04-08 04:00:00
99.93,100.5,87.83,88.81,1744171200,9263400.0,2025-04-09 04:00:00
96.32,98.19,93.58,97.26,1744257600,6807700.0,2025-04-10 04:00:00
97.73,98.18,94.97,96.01,1744344000,5502900.0,2025-04-11 04:00:00
96.85,100.5,95.36,99.89,1744603200,4615600.0,2025-04-14 04:00:00
99.2,99.24,97.2,97.39,1744689600,3584000.0,2025-04-15 04:00:00
96.07,98.6,94.8,97.2,1744776000,5678100.0,2025-04-16 04:00:00
96.13,97.35,95.8,96.83,1744862400,2979100.0,2025-04-17 04:00:00
92.72,95.71,91.33,94.87,1745208000,3071500.0,2025-04-21 04:00:00
94.37,95.06,91.24,93.51,1745294400,4621000.0,2025-04-22 04:00:00
97.0,99.54,96.29,97.45,1745380800,4330100.0,2025-04-23 04:00:00
100.72,101.19,96.75,96.99,1745467200,4087900.0,2025-04-24 04:00:00
101.8,101.92,99.99,100.27,1745553600,3350000.0,2025-04-25 04:00:00
102.64,103.08,100.94,102.39,1745812800,3079100.0,2025-04-28 04:00:00
104.21,104.54,101.97,102.02,1745899200,3128900.0,2025-04-29 04:00:00
103.76,103.98,100.34,101.86,1745985600,5456900.0,2025-04-30 04:00:00
104.21,106.41,104.14,104.88,1746072000,4088300.0,2025-05-01 04:00:00
106.18,106.65,104.63,105.71,1746158400,3795600.0,2025-05-02 04:00:00
108.69,109.33,104.46,104.57,1746417600,5447100.0,2025-05-05 04:00:00
107.14,108.51,105.43,105.99,1746504000,4775200.0,2025-05-06 04:00:00
106.72,107.44,105.47,106.04,1746590400,6859300.0,2025-05-07 04:00:00
97.74,99.27,93.25,97.6,1746676800,15635100.0,2025-05-08 04:00:00
97.42,98.38,95.42,98.33,1746763200,5721200.0,2025-05-09 04:00:00
102.04,102.13,99.19,99.85,1747022400,6251500.0,2025-05-12 04:00:00
105.05,105.5,101.28,101.49,1747108800,5890000.0,2025-05-13 04:00:00
103.23,105.97,102.68,105.1,1747195200,4513500.0,2025-05-14 04:00:00
102.56,103.4,101.34,102.5,1747281600,4680100.0,2025-05-15 04:00:00
104.59,105.11,102.69,103.23,1747368000,4510500.0,2025-05-16 04:00:00
104.75,104.95,103.5,103.56,1747627200,3562300.0,2025-05-19 04:00:00
104.79,104.89,103.2,104.89,1747713600,3958300.0,2025-05-20 04:00:00
102.84,104.78,102.75,103.7,1747800000,4423700.0,2025-05-21 04:00:00
103.62,104.69,103.08,103.33,1747886400,3655100.0,2025-05-22 04:00:00
103.16,103.53,101.58,102.16,1747972800,3768800.0,2025-05-23 04:00:00
104.74,106.06,104.17,104.2,1748318400,4249100.0,2025-05-27 04:00:00
104.51,105.58,104.22,104.74,1748404800,3740100.0,2025-05-28 04:00:00
102.04,105.5,100.9,105.22,1748491200,4731600.0,2025-05-29 04:00:00
101.78,102.48,100.54,102.2,1748577600,17093000.0,2025-05-30 04:00:00
102.47,102.52,99.85,101.1,1748836800,5242600.0,2025-06-02 04:00:00
102.88,103.17,102.06,102.26,1748923200,3789900.0,2025-06-03 04:00:00
101.62,102.84,101.32,102.5,1749009600,3392800.0,2025-06-04 04:00:00
103.5,103.98,101.75,102.07,1749096000,3368100.0,2025-06-05 04:00:00
104.94,105.2,103.73,104.32,1749182400,3296600.0,2025-06-06 04:00:00
102.08,105.0,101.94,104.73,1749441600,3904800.0,2025-06-09 04:00:00
101.63,102.9,101.07,102.33,1749528000,3789300.0,2025-06-10 04:00:00
102.02,104.01,100.14,101.42,1749614400,4220300.0,2025-06-11 04:00:00
101.66,102.79,101.47,101.84,1749700800,2946600.0,2025-06-12 04:00:00
100.83,103.34,100.31,100.78,1749787200,3425200.0,2025-06-13 04:00:00
101.95,103.23,101.1,101.1,1750046400,3519800.0,2025-06-16 04:00:00
102.88,104.5,101.3,101.53,1750132800,4096000.0,2025-06-17 04:00:00
100.82,103.4,99.84,103.26,1750219200,4337300.0,2025-06-18 04:00:00
99.85,101.99,98.86,101.32,1750392000,6944000.0,2025-06-20 04:00:00
103.15,103.46,98.6,99.78,1750651200,4523500.0,2025-06-23 04:00:00
104.42,104.99,103.39,104.32,1750737600,3540500.0,2025-06-24 04:00:00
103.69,105.79,103.52,104.87,1750824000,2791900.0,2025-06-25 04:00:00
103.86,104.74,103.1,103.73,1750910400,2816300.0,2025-06-26 04:00:00
103.11,104.47,102.94,103.92,1750996800,5706100.0,2025-06-27 04:00:00
105.72,105.96,103.41,103.9,1751256000,4095400.0,2025-06-30 04:00:00
102.43,105.85,100.91,105.36,1751342400,6138000.0,2025-07-01 04:00:00
102.21,102.65,100.91,101.81,1751428800,3749300.0,2025-07-02 04:00:00
105.66,106.12,102.62,102.68,1751515200,2864100.0,2025-07-03 04:00:00
106.65,107.56,105.02,105.6,1751860800,4762200.0,2025-07-07 04:00:00
107.54,107.83,103.36,106.97,1751947200,5288500.0,2025-07-08 04:00:00
107.65,108.77,105.62,108.65,1752033600,4442500.0,2025-07-09 04:00:00
100.2,108.09,99.91,107.71,1752120000,5972600.0,2025-07-10 04:00:00
99.06,100.62,98.7,100.0,1752206400,4132000.0,2025-07-11 04:00:00
102.97,103.56,99.25,99.36,1752465600,6019600.0,2025-07-14 04:00:00
104.93,105.44,103.38,103.41,1752552000,4172800.0,2025-07-15 04:00:00
103.44,105.19,101.55,104.93,1752638400,3509300.0,2025-07-16 04:00:00
104.92,105.46,103.35,103.5,1752724800,3480900.0,2025-07-17 04:00:00
105.42,106.57,104.72,105.71,1752811200,3640800.0,2025-07-18 04:00:00
106.94,107.52,104.36,105.16,1753070400,3533600.0,2025-07-21 04:00:00
104.81,107.4,104.64,106.93,1753156800,2951400.0,2025-07-22 04:00:00
105.06,105.15,103.14,104.91,1753243200,2582700.0,2025-07-23 04:00:00
104.77,106.19,104.03,105.31,1753329600,2440000.0,2025-07-24 04:00:00
104.82,105.85,104.72,105.23,1753416000,2087900.0,2025-07-25 04:00:00
104.88,106.21,104.12,104.98,1753675200,2129000.0,2025-07-28 04:00:00
104.77,106.95,103.21,105.63,1753761600,3246900.0,2025-07-29 04:00:00
101.71,104.88,99.78,104.88,1753848000,5326200.0,2025-07-30 04:00:00
99.9,102.6,99.67,102.27,1753934400,4311900.0,2025-07-31 04:00:00
97.36,99.38,96.83,99.38,1754020800,4709400.0,2025-08-01 04:00:00
98.55,99.35,96.54,97.82,1754280000,5383000.0,2025-08-04 04:00:00
96.21,99.4,96.12,98.45,1754366400,4034200.0,2025-08-05 04:00:00
96.58,97.59,96.3,96.99,1754452800,8765700.0,2025-08-06 04:00:00
75.3,75.35,70.12,74.3,1754539200,47433000.0,2025-08-07 04:00:00
74.39,76.71,72.83,76.11,1754625600,17024500.0,2025-08-08 04:00:00
74.57,76.9,73.81,74.02,1754884800,13429600.0,2025-08-11 04:00:00
78.47,78.99,74.98,75.0,1754971200,15463900.0,2025-08-12 04:00:00
79.33,80.1,78.05,79.88,1755057600,14129000.0,2025-08-13 04:00:00
77.25,78.6,76.82,78.05,1755144000,11823100.0,2025-08-14 04:00:00
79.11,79.82,77.04,77.68,1755230400,10868800.0,2025-08-15 04:00:00
80.76,81.2,78.94,79.57,1755489600,12268400.0,2025-08-18 04:00:00
78.09,81.28,77.1,81.28,1755576000,15012600.0,2025-08-19 04:00:00
79.61,80.3,77.3,78.09,1755662400,12247300.0,2025-08-20 04:00:00
77.75,79.11,76.86,78.91,1755748800,9966800.0,2025-08-21 04:00:00
80.02,80.62,78.21,78.31,1755835200,6175800.0,2025-08-22 04:00:00
77.64,79.99,77.61,79.9,1756094400,7269000.0,2025-08-25 04:00:00
77.65,78.33,77.21,77.95,1756180800,6114300.0,2025-08-26 04:00:00
78.13,78.34,77.51,78.04,1756267200,5711000.0,2025-08-27 04:00:00
79.29,79.41,77.94,78.18,1756353600,4929700.0,2025-08-28 04:00:00
78.77,79.52,78.32,79.17,1756440000,4458200.0,2025-08-29 04:00:00
76.93,77.26,75.0,75.24,1756785600,7353500.0,2025-09-02 04:00:00
76.58,77.13,76.1,76.73,1756872000,4857800.0,2025-09-03 04:00:00
76.44,76.63,75.11,76.26,1756958400,6127700.0,2025-09-04 04:00:00
78.83,79.49,76.88,76.91,1757044800,10495900.0,2025-09-05 04:00:00
80.36,80.4,79.18,79.18,1757304000,6728800.0,2025-09-08 04:00:00
79.84,80.4,79.25,80.4,1757390400,4507700.0,2025-09-09 04:00:00
79.48,80.6,78.9,79.93,1757476800,5899400.0,2025-09-10 04:00:00
80.89,81.22,79.68,80.04,1757563200,6932300.0,2025-09-11 04:00:00
79.68,81.27,79.65,80.93,1757649600,4428900.0,2025-09-12 04:00:00
81.0,81.06,79.61,80.25,1757908800,6220500.0,2025-09-15 04:00:00
79.78,81.0,79.49,80.94,1757995200,5585100.0,2025-09-16 04:00:00
80.29,80.87,79.72,79.85,1758081600,4978200.0,2025-09-17 04:00:00
80.99,81.87,80.76,81.33,1758168000,5119700.0,2025-09-18 04:00:00
84.21,84.7,82.17,82.46,1758254400,22847000.0,2025-09-19 04:00:00
85.01,85.12,81.9,83.13,1758513600,6172900.0,2025-09-22 04:00:00
85.27,86.06,84.14,85.12,1758600000,5370400.0,2025-09-23 04:00:00
83.6,86.21,83.34,85.29,1758686400,5658600.0,2025-09-24 04:00:00
83.21,83.4,81.76,82.96,1758772800,4756400.0,2025-09-25 04:00:00
84.32,84.89,82.97,83.2,1758859200,4171900.0,2025-09-26 04:00:00
84.65,85.16,83.6,84.88,1759118400,4652000.0,2025-09-29 04:00:00
84.08,84.99,83.5,84.33,1759204800,3967000.0,2025-09-30 04:00:00
85.18,85.33,83.67,83.92,1759291200,4314900.0,2025-10-01 04:00:00
86.29,86.39,84.66,85.25,1759377600,4639200.0,2025-10-02 04:00:00
85.79,87.24,85.54,86.8,1759464000,4247400.0,2025-10-03 04:00:00
86.38,87.19,85.96,86.35,1759723200,3844800.0,2025-10-06 04:00:00
84.92,87.05,84.66,86.36,1759809600,4330300.0,2025-10-07 04:00:00
86.46,86.73,85.13,85.6,1759896000,5614300.0,2025-10-08 04:00:00
86.19,86.52,84.15,85.7,1759982400,3926700.0,2025-10-09 04:00:00
83.04,87.1,82.98,86.5,1760068800,4604600.0,2025-10-10 04:00:00
84.2,85.2,83.59,84.7,1760328000,4433600.0,2025-10-13 04:00:00
83.08,83.9,82.2,82.5,1760414400,4915200.0,2025-10-14 04:00:00
83.58,84.78,83.07,83.72,1760500800,4136100.0,2025-10-15 04:00:00
83.14,84.34,82.17,83.74,1760587200,4020000.0,2025-10-16 04:00:00
83.44,83.77,82.31,82.59,1760673600,4162000.0,2025-10-17 04:00:00
84.86,84.96,83.05,83.05,1760932800,3968300.0,2025-10-20 04:00:00
84.78,85.12,81.1,83.41,1761019200,4828900.0,2025-10-21 04:00:00
84.66,85.49,84.07,85.0,1761105600,4101800.0,2025-10-22 04:00:00
84.93,85.47,84.34,84.66,1761192000,2548700.0,2025-10-23 04:00:00
85.56,85.86,84.98,85.77,1761278400,3367500.0,2025-10-24 04:00:00
85.29,86.56,85.14,86.13,1761537600,4166100.0,2025-10-27 04:00:00
85.87,87.04,84.98,86.07,1761624000,4895600.0,2025-10-28 04:00:00
84.22,85.0,83.56,84.85,1761710400,5430700.0,2025-10-29 04:00:00
84.2,85.6,84.15,84.58,1761796800,4575300.0,2025-10-30 04:00:00
86.43,86.83,84.0,84.21,1761883200,4680400.0,2025-10-31 04:00:00
87.52,87.66,84.88,86.02,1762146000,6239600.0,2025-11-03 05:00:00
85.22,86.84,84.42,86.5,1762232400,5906500.0,2025-11-04 05:00:00
85.99,86.32,84.0,84.61,1762318800,8713500.0,2025-11-05 05:00:00
80.54,81.69,75.31,76.05,1762405200,13371800.0,2025-11-06 05:00:00
81.79,81.98,79.55,79.78,1762491600,7152600.0,2025-11-07 05:00:00
82.28,82.62,80.27,82.3,1762750800,6447900.0,2025-11-10 05:00:00
83.66,84.24,82.09,82.28,1762837200,5108100.0,2025-11-11 05:00:00
82.14,84.03,81.76,83.35,1762923600,4786400.0,2025-11-12 05:00:00
81.03,82.55,80.95,81.45,1763010000,4735300.0,2025-11-13 05:00:00
82.31,83.26,79.75,80.14,1763096400,5149800.0,2025-11-14 05:00:00
81.94,82.96,81.77,82.1,1763355600,4479000.0,2025-11-17 05:00:00
80.15,82.26,79.14,81.6,1763442000,6448400.0,2025-11-18 05:00:00
79.73,80.37,79.32,79.82,1763528400,4190100.0,2025-11-19 05:00:00
78.04,81.21,77.79,80.5,1763614800,5994200.0,2025-11-20 05:00:00
78.86,79.5,77.17,77.8,1763701200,5531300.0,2025-11-21 05:00:00
79.77,80.01,78.7,78.89,1763960400,8416900.0,2025-11-24 05:00:00
80.87,81.19,79.3,79.38,1764046800,3816400.0,2025-11-25 05:00:00
80.55,80.86,78.63,80.81,1764133200,4527000.0,2025-11-26 05:00:00
81.13,81.36,80.36,80.67,1764306000,2199100.0,2025-11-28 05:00:00
81.82,82.1,80.43,80.49,1764565200,4092800.0,2025-12-01 05:00:00
82.94,83.27,82.0,82.51,1764651600,3869700.0,2025-12-02 05:00:00
82.76,82.96,81.42,82.21,1764738000,5133700.0,2025-12-03 05:00:00
85.18,85.24,82.41,82.98,1764824400,6709900.0,2025-12-04 05:00:00
86.92,86.94,85.2,85.54,1764910800,6172200.0,2025-12-05 05:00:00
83.53,87.11,83.26,86.96,1765170000,6075000.0,2025-12-08 05:00:00
83.5,84.16,82.15,83.09,1765256400,3991200.0,2025-12-09 05:00:00
81.6,83.22,80.24,82.9,1765342800,7383600.0,2025-12-10 05:00:00
82.47,83.22,81.45,81.6,1765429200,4523600.0,2025-12-11 05:00:00
82.22,82.66,81.66,81.98,1765515600,4283800.0,2025-12-12 05:00:00
81.52,82.83,80.79,82.1,1765774800,5101400.0,2025-12-15 05:00:00
82.47,82.83,81.13,81.31,1765861200,5264000.0,2025-12-16 05:00:00
79.38,81.44,79.38,80.09,1765947600,9268900.0,2025-12-17 05:00:00
79.75,80.6,78.57,80.54,1766034000,8070000.0,2025-12-18 05:00:00
80.24,80.44,79.0,79.73,1766120400,20115500.0,2025-12-19 05:00:00
81.74,81.83,80.13,81.35,1766379600,4714500.0,2025-12-22 05:00:00
80.66,81.71,80.1,81.61,1766466000,3465700.0,2025-12-23 05:00:00
81.18,81.38,80.28,80.53,1766552400,1241000.0,2025-12-24 05:00:00
81.56,81.65,80.59,80.91,1766725200,2973900.0,2025-12-26 05:00:00
80.82,81.79,80.42,81.28,1766984400,4864300.0,2025-12-29 05:00:00
80.31,80.87,80.28,80.61,1767070800,2493900.0,2025-12-30 05:00:00
79.41,80.41,79.37,80.12,1767157200,2867600.0,2025-12-31 05:00:00
77.88,79.97,77.18,79.97,1767330000,7548800.0,2026-01-02 05:00:00
77.94,79.9,77.83,78.51,1767589200,6068200.0,2026-01-05 05:00:00
78.44,79.2,77.6,77.73,1767675600,6477800.0,2026-01-06 05:00:00
80.02,80.86,78.35,78.61,1767762000,6870600.0,2026-01-07 05:00:00
78.05,79.54,77.76,79.54,1767848400,6441700.0,2026-01-08 05:00:00
79.22,79.37,77.97,78.15,1767934800,5003200.0,2026-01-09 05:00:00
78.66,79.08,77.99,78.92,1768194000,3857900.0,2026-01-12 05:00:00
78.33,79.72,77.76,78.7,1768280400,5748700.0,2026-01-13 05:00:00
76.39,78.31,75.81,76.45,1768366800,10181100.0,2026-01-14 05:00:00
76.32,78.33,76.18,76.54,1768453200,6345400.0,2026-01-15 05:00:00
75.38,76.61,75.15,76.54,1768539600,7913700.0,2026-01-16 05:00:00
75.46,75.6,73.55,74.11,1768885200,6870600.0,2026-01-20 05:00:00
75.75,76.02,74.71,75.81,1768971600,6368300.0,2026-01-21 05:00:00
77.62,77.81,76.33,76.49,1769058000,4853300.0,2026-01-22 05:00:00
81.64,85.06,81.1,83.5,1769144400,10960100.0,2026-01-23 05:00:00
83.07,83.13,81.04,81.65,1769403600,5708800.0,2026-01-26 05:00:00
81.71,83.56,81.26,83.21,1769490000,4818400.0,2026-01-27 05:00:00
82.08,82.55,81.64,82.18,1769576400,3918000.0,2026-01-28 05:00:00
81.51,82.11,79.74,81.5,1769662800,6266300.0,2026-01-29 05:00:00
81.26,81.48,80.18,80.64,1769749200,7499100.0,2026-01-30 05:00:00
81.29,82.36,80.15,80.86,1770008400,7788200.0,2026-02-02 05:00:00
79.3,81.23,77.79,80.98,1770094800,6663400.0,2026-02-03 05:00:00
81.12,81.45,77.79,78.87,1770181200,7824800.0,2026-02-04 05:00:00
78.93,81.78,78.03,80.95,1770267600,12691300.0,2026-02-05 05:00:00
82.76,83.52,77.27,81.8,1770354000,15226300.0,2026-02-06 05:00:00
85.93,86.17,81.37,82.27,1770613200,9897000.0,2026-02-09 05:00:00
85.53,87.49,85.17,86.35,1770699600,7859100.0,2026-02-10 05:00:00
87.82,88.3,84.2,85.41,1770786000,7987300.0,2026-02-11 05:00:00
84.26,88.6,82.97,87.55,1770872400,7805800.0,2026-02-12 05:00:00
85.56,86.53,83.6,84.55,1770958800,8091300.0,2026-02-13 05:00:00
81.69,85.42,81.05,85.17,1771304400,6061100.0,2026-02-17 05:00:00
80.69,81.26,79.34,80.9,1771390800,5853300.0,2026-02-18 05:00:00
81.67,81.77,80.24,81.01,1771477200,4584100.0,2026-02-19 05:00:00
80.0,83.08,79.4,81.17,1771563600,6703800.0,2026-02-20 05:00:00
75.6,79.48,74.66,78.42,1771822800,8323500.0,2026-02-23 05:00:00
75.23,77.05,74.31,75.37,1771909200,10049400.0,2026-02-24 05:00:00
77.35,77.6,74.35,74.49,1771995600,5527400.0,2026-02-25 05:00:00
79.2,79.74,76.85,77.32,1772082000,5872000.0,2026-02-26 05:00:00
79.03,79.12,76.64,77.3,1772168400,7548200.0,2026-02-27 05:00:00
79.18,79.77,77.56,78.29,1772427600,5247300.0,2026-03-02 05:00:00
81.1,81.98,77.19,77.26,1772514000,7475200.0,2026-03-03 05:00:00
82.79,83.98,80.95,81.04,1772600400,6280700.0,2026-03-04 05:00:00
84.42,84.73,82.25,82.28,1772686800,5544100.0,2026-03-05 05:00:00
83.67,84.48,82.9,83.99,1772773200,5658000.0,2026-03-06 05:00:00
83.81,84.6,82.18,83.06,1773028800,6446500.0,2026-03-09 04:00:00
84.2,85.05,81.62,84.29,1773115200,5829400.0,2026-03-10 04:00:00
83.48,85.37,82.35,84.3,1773201600,5437700.0,2026-03-11 04:00:00
84.4,85.07,82.31,82.92,1773288000,5220900.0,2026-03-12 04:00:00
83.44,85.1,82.81,84.4,1773374400,3963600.0,2026-03-13 04:00:00
84.49,85.86,83.97,84.39,1773633600,5725100.0,2026-03-16 04:00:00
83.16,86.42,83.06,84.58,1773720000,3938200.0,2026-03-17 04:00:00
83.39,84.33,82.2,82.44,1773806400,4343600.0,2026-03-18 04:00:00
83.12,84.95,82.29,83.52,1773892800,4539100.0,2026-03-19 04:00:00
81.4,82.96,80.27,82.96,1773979200,16257800.0,2026-03-20 04:00:00
82.77,83.72,81.22,82.01,1774238400,5000000.0,2026-03-23 04:00:00
79.34,82.8,79.12,82.33,1774324800,6174000.0,2026-03-24 04:00:00
78.89,81.52,78.46,80.13,1774411200,6052900.0,2026-03-25 04:00:00
81.03,81.72,78.29,78.29,1774497600,4489100.0,2026-03-26 04:00:00
78.2,79.69,76.42,79.69,1774584000,8771200.0,2026-03-27 04:00:00
79.05,80.94,78.08,78.11,1774843200,7015900.0,2026-03-30 04:00:00
81.72,81.83,79.56,79.75,1774929600,6045200.0,2026-03-31 04:00:00
81.15,82.14,80.0,81.77,1775016000,5255500.0,2026-04-01 04:00:00
82.53,82.56,80.02,80.85,1775102400,4139300.0,2026-04-02 04:00:00
82.29,83.38,81.83,82.74,1775448000,3459300.0,2026-04-06 04:00:00
83.72,83.95,81.63,81.86,1775534400,5591500.0,2026-04-07 04:00:00
83.51,86.14,82.28,85.1,1775620800,5954900.0,2026-04-08 04:00:00
80.66,83.71,79.56,83.27,1775707200,6656500.0,2026-04-09 04:00:00
76.7,80.52,76.01,80.52,1775793600,12399300.0,2026-04-10 04:00:00
